2.107699999999999895e-04 8.368630116778398360e+02
2.128900000000000031e-04 8.450089332389916308e+02
2.150200000000000115e-04 8.531903068830931716e+02
2.171899999999999992e-04 8.615222776958512441e+02
2.193700000000000088e-04 8.698895718277087781e+02
2.215700000000000080e-04 8.783305281753695226e+02
2.237999999999999918e-04 8.868834290723951881e+02
2.260499999999999923e-04 8.955098350016517088e+02
2.283200000000000095e-04 9.042096813865439344e+02
2.306200000000000112e-04 9.130212074456429718e+02
2.329300000000000077e-04 9.218677266799019208e+02
2.352699999999999887e-04 9.308257676718683342e+02
2.376400000000000083e-04 9.398952224005978451e+02
2.400299999999999905e-04 9.490377366967885564e+02
2.424399999999999895e-04 9.582532457651619779e+02
2.448800000000000000e-04 9.675799015167087873e+02
2.473399999999999731e-04 9.769793931706716421e+02
2.498199999999999900e-04 9.864516558100553993e+02
2.523299999999999914e-04 9.960347971770082722e+02
2.548699999999999772e-04 1.005728708243786173e+03
2.574300000000000069e-04 1.015495136948611162e+03
2.600200000000000211e-04 1.025372145732179206e+03
2.626300000000000249e-04 1.035321511231339173e+03
2.652700000000000132e-04 1.045381264937576134e+03
2.679399999999999859e-04 1.055551293018031629e+03
2.706300000000000025e-04 1.065793412493685082e+03
2.733500000000000036e-04 1.076145604663341601e+03
2.760999999999999891e-04 1.086607753467533939e+03
2.788700000000000185e-04 1.097141721513262382e+03
2.816699999999999781e-04 1.107785443904879230e+03
2.845100000000000255e-04 1.118576793558305553e+03
2.873600000000000134e-04 1.129401683176175311e+03
2.902499999999999807e-04 1.140373964407066978e+03
2.931699999999999866e-04 1.151455529134673952e+03
2.961199999999999770e-04 1.162646258661389083e+03
2.990900000000000112e-04 1.173908123077531400e+03
3.021000000000000248e-04 1.185316840665623204e+03
3.051299999999999737e-04 1.196796486363035910e+03
3.082000000000000104e-04 1.208422713290263118e+03
3.112999999999999773e-04 1.220157506303311948e+03
3.144299999999999829e-04 1.232000744473900340e+03
3.175899999999999730e-04 1.243952306728198664e+03
3.207800000000000018e-04 1.256012072197255065e+03
3.240000000000000150e-04 1.268179919630599443e+03
3.272600000000000075e-04 1.280493489902707779e+03
3.305499999999999845e-04 1.292914862005409532e+03
3.338700000000000001e-04 1.305443910821507643e+03
3.372299999999999950e-04 1.318118220704730447e+03
3.406199999999999744e-04 1.330899912805695521e+03
3.440399999999999925e-04 1.343788853635373698e+03
3.474999999999999899e-04 1.356822571112736568e+03
3.509900000000000259e-04 1.369963236451408193e+03
3.545199999999999870e-04 1.383248341676816153e+03
3.580799999999999868e-04 1.396640091054693585e+03
3.616800000000000201e-04 1.410175940143609296e+03
3.653099999999999837e-04 1.423818126580626995e+03
3.689799999999999807e-04 1.437604069007910084e+03
3.726900000000000113e-04 1.451533576584511138e+03
3.764400000000000211e-04 1.465606457130789067e+03
3.802200000000000154e-04 1.479785017587568746e+03
3.840399999999999890e-04 1.494106601231134391e+03
3.878999999999999961e-04 1.508571013311402567e+03
3.917999999999999825e-04 1.523178058263855746e+03
3.957400000000000024e-04 1.537927539381228144e+03
3.997200000000000015e-04 1.552819259058866692e+03
4.037299999999999852e-04 1.567815631903852363e+03
4.077899999999999971e-04 1.582991254666449777e+03
4.118899999999999883e-04 1.598308520005112541e+03
4.160300000000000131e-04 1.613767223481934707e+03
4.202100000000000171e-04 1.629367158735860130e+03
4.244300000000000004e-04 1.645108115579052537e+03
4.287000000000000120e-04 1.661027148463155982e+03
4.330100000000000030e-04 1.677086726730563669e+03
4.373599999999999732e-04 1.693286629815196648e+03
4.417499999999999769e-04 1.709626637673692585e+03
4.461900000000000089e-04 1.726143719008812923e+03
4.506800000000000151e-04 1.742837589165312011e+03
4.552100000000000005e-04 1.759670812523946552e+03
4.597800000000000194e-04 1.776643162597619039e+03
4.644000000000000124e-04 1.793791519274329858e+03
4.690699999999999796e-04 1.811115591007193871e+03
4.737799999999999802e-04 1.828578019233088298e+03
4.785500000000000040e-04 1.846252658959634573e+03
4.833600000000000071e-04 1.864065105687223422e+03
4.882099999999999895e-04 1.882015125362567687e+03
4.931199999999999950e-04 1.900176437936782349e+03
4.980800000000000288e-04 1.918511719232927135e+03
5.030800000000000419e-04 1.936983731511476662e+03
5.081400000000000240e-04 1.955666057875618208e+03
5.132399999999999853e-04 1.974484549224629291e+03
5.184000000000000240e-04 1.993512694636247261e+03
5.236099999999999826e-04 2.012713267240144660e+03
5.288800000000000185e-04 2.032122764738101068e+03
5.341900000000000337e-04 2.051667201573837247e+03
5.395600000000000179e-04 2.071419856797177999e+03
5.449800000000000304e-04 2.091343571902630174e+03
5.504600000000000118e-04 2.111474728382548619e+03
5.559900000000000215e-04 2.131776212648280762e+03
5.615800000000000002e-04 2.152284355337062607e+03
5.672200000000000072e-04 2.172962085366590600e+03
5.729199999999999831e-04 2.193845679218917212e+03
5.786800000000000364e-04 2.214934710037941841e+03
5.844999999999999502e-04 2.236228747773787290e+03
5.903700000000000007e-04 2.257690810556097858e+03
5.963099999999999607e-04 2.279393587186403238e+03
6.022999999999999491e-04 2.301263565881739396e+03
6.083500000000000149e-04 2.323336855546389415e+03
6.144699999999999902e-04 2.345649457451277158e+03
6.206399999999999938e-04 2.368128007256349520e+03
6.268800000000000153e-04 2.390844918510815205e+03
6.331800000000000058e-04 2.413763292038167492e+03
6.395399999999999653e-04 2.436882673103924844e+03
6.459700000000000511e-04 2.460238916217160750e+03
6.524599999999999974e-04 2.483795196889976069e+03
6.590199999999999617e-04 2.507587298121723961e+03
6.656400000000000034e-04 2.531578427899583403e+03
6.723299999999999546e-04 2.555804297230778047e+03
6.790900000000000322e-04 2.580264321346973702e+03
6.859099999999999702e-04 2.604921764936671934e+03
6.928099999999999753e-04 2.629848336387065501e+03
6.997699999999999493e-04 2.654971183275700696e+03
7.068000000000000498e-04 2.680325840653823889e+03
7.139100000000000003e-04 2.705947719288700682e+03
7.210800000000000282e-04 2.731764131551572973e+03
7.283300000000000147e-04 2.757846469559234720e+03
7.356500000000000192e-04 2.784158086555053160e+03
7.430400000000000416e-04 2.810698354079622732e+03
7.505100000000000226e-04 2.837502505684305106e+03
7.580500000000000215e-04 2.864533973650126427e+03
7.656699999999999791e-04 2.891827919375453803e+03
7.733700000000000036e-04 2.919383600050873611e+03
7.811400000000000461e-04 2.947164529030585072e+03
7.889900000000000472e-04 2.975205755344764839e+03
7.969200000000000068e-04 3.003506519352647501e+03
8.049300000000000335e-04 3.032066057856810403e+03
8.130200000000000187e-04 3.060883605954843006e+03
8.211899999999999625e-04 3.089958393802064620e+03
8.294399999999999733e-04 3.119289634478353037e+03
8.377799999999999917e-04 3.148912020607854629e+03
8.461999999999999687e-04 3.178789164014627659e+03
8.547000000000000127e-04 3.208920232072721319e+03
8.632899999999999558e-04 3.239339771691863461e+03
8.719700000000000150e-04 3.270046818150406580e+03
8.807300000000000328e-04 3.301005080185888346e+03
8.895799999999999498e-04 3.332248979634357056e+03
8.985199999999999828e-04 3.363777534337815268e+03
9.075500000000000234e-04 3.395589754866233761e+03
9.166699999999999631e-04 3.427684643980394867e+03
9.258899999999999596e-04 3.460096330490529908e+03
9.351900000000000230e-04 3.492753494942547150e+03
9.445900000000000346e-04 3.525725348288231999e+03
9.540899999999999945e-04 3.559010746063979241e+03
9.636700000000000214e-04 3.592538580356991588e+03
9.733600000000000455e-04 3.626412744131478121e+03
9.831399999999999688e-04 3.660562153054062492e+03
9.930200000000000572e-04 3.695020606746028534e+03
1.002999999999999985e-03 3.729786917722119142e+03
1.013100000000000068e-03 3.764929440012588657e+03
1.023299999999999991e-03 3.800377265056196848e+03
1.033499999999999914e-03 3.835782295669990162e+03
1.043899999999999949e-03 3.871837523856374446e+03
1.054400000000000042e-03 3.908194341823865216e+03
1.064999999999999974e-03 3.944851440728994476e+03
1.075699999999999963e-03 3.981807489668522976e+03
1.086500000000000009e-03 4.019061127167215545e+03
1.097499999999999951e-03 4.056955241419751928e+03
1.108499999999999893e-03 4.094799458695455087e+03
1.119599999999999892e-03 4.132937109239306665e+03
1.130900000000000004e-03 4.171709682774650901e+03
1.142199999999999899e-03 4.210429525877489141e+03
1.153699999999999908e-03 4.249780519328247465e+03
1.165299999999999973e-03 4.289418331335262337e+03
1.177000000000000095e-03 4.329341511949527558e+03
1.188899999999999896e-03 4.369889096321178840e+03
1.200799999999999914e-03 4.410378140218701446e+03
1.212900000000000046e-03 4.451487649032735135e+03
1.225100000000000017e-03 4.492875636563471744e+03
1.237400000000000045e-03 4.534540598831395073e+03
1.249799999999999913e-03 4.576481024711846658e+03
1.262399999999999894e-03 4.619032849890571924e+03
1.275099999999999931e-03 4.661856048095044571e+03
1.287900000000000026e-03 4.704949080293903535e+03
1.300799999999999960e-03 4.748310403348270484e+03
1.313900000000000007e-03 4.792273789874705471e+03
1.327099999999999894e-03 4.836501220688087415e+03
1.340400000000000055e-03 4.880991056080079943e+03
1.353899999999999895e-03 4.926075325126509597e+03
1.367500000000000009e-03 4.971417559762361634e+03
1.381300000000000019e-03 5.017348616855796536e+03
1.395100000000000029e-03 5.063201123394475871e+03
1.409199999999999993e-03 5.109969300275078240e+03
1.423299999999999956e-03 5.156655493948628646e+03
1.437600000000000032e-03 5.203920185251102339e+03
1.452100000000000005e-03 5.251759863146312455e+03
1.466700000000000035e-03 5.299841947319744577e+03
1.481399999999999904e-03 5.348164671736495620e+03
1.496300000000000104e-03 5.397054079791650111e+03
1.511299999999999926e-03 5.446179355296057111e+03
1.526500000000000079e-03 5.495865280081214223e+03
1.541899999999999911e-03 5.546108177833512855e+03
1.557400000000000017e-03 5.596579036328573238e+03
1.572999999999999962e-03 5.647276033829381959e+03
1.588800000000000021e-03 5.698521360026040384e+03
1.604799999999999977e-03 5.750311235448742082e+03
1.620899999999999988e-03 5.802319154301871095e+03
1.637199999999999897e-03 5.854865318450576524e+03
1.653699999999999918e-03 5.907945878744335459e+03
1.670299999999999997e-03 5.961236170052146917e+03
1.687099999999999971e-03 6.015054169135043594e+03
1.704000000000000003e-03 6.069076458525415546e+03
1.721199999999999987e-03 6.123938203933221303e+03
1.738500000000000028e-03 6.178997284946751279e+03
1.755899999999999909e-03 6.234251589337090081e+03
1.773599999999999960e-03 6.290331979193636471e+03
1.791400000000000067e-03 6.346600505643358701e+03
1.809400000000000071e-03 6.403370062281196624e+03
1.827599999999999971e-03 6.460636313780142700e+03
1.845999999999999985e-03 6.518394888746194738e+03
1.864500000000000055e-03 6.576328603571623717e+03
1.883200000000000022e-03 6.634747323613545632e+03
1.902199999999999941e-03 6.693957854941982077e+03
1.921299999999999918e-03 6.753332444871482039e+03
1.940600000000000007e-03 6.813178607213823852e+03
1.960100000000000210e-03 6.873491808470934302e+03
1.979799999999999876e-03 6.934267485950192167e+03
1.999700000000000089e-03 6.995501048576235007e+03
2.019799999999999981e-03 7.057187879246292141e+03
2.040099999999999986e-03 7.119323339097562894e+03
2.060600000000000105e-03 7.181902770729331678e+03
2.081299999999999904e-03 7.244921494011390678e+03
2.102199999999999815e-03 7.308374732488941845e+03
2.123400000000000114e-03 7.372559931513752417e+03
2.144699999999999818e-03 7.436866633477984578e+03
2.166299999999999910e-03 7.501893681785472836e+03
2.187999999999999841e-03 7.567033975404540797e+03
2.210000000000000159e-03 7.632882851969189687e+03
2.232200000000000156e-03 7.699134631775022171e+03
2.254700000000000107e-03 7.766081333421227100e+03
2.277299999999999897e-03 7.833122769026303104e+03
2.300200000000000074e-03 7.900847094479469888e+03
2.323299999999999931e-03 7.968952058699060217e+03
2.346700000000000175e-03 8.037725932163592915e+03
2.370300000000000098e-03 8.106868218995879943e+03
2.394100000000000134e-03 8.176373696181522973e+03
2.418099999999999850e-03 8.246237127680084086e+03
2.442399999999999953e-03 8.316742934481557313e+03
2.467000000000000009e-03 8.387882971793111210e+03
2.491800000000000178e-03 8.459361306803451953e+03
2.516800000000000027e-03 8.531172619908677007e+03
2.542099999999999829e-03 8.603597359002136727e+03
2.567700000000000017e-03 8.676627219379026428e+03
2.593499999999999885e-03 8.749970069943206909e+03
2.619499999999999867e-03 8.823620539566245498e+03
2.645900000000000075e-03 8.898136707452609699e+03
2.672499999999999962e-03 8.972945424286946945e+03
2.699299999999999963e-03 9.048041072785905271e+03
2.726399999999999917e-03 9.123696683611109620e+03
2.753799999999999824e-03 9.199903491256314737e+03
2.781500000000000118e-03 9.276652685233551892e+03
2.809499999999999931e-03 9.353935411598356950e+03
2.837699999999999858e-03 9.431468373853696903e+03
2.866200000000000171e-03 9.509519209511932786e+03
2.895000000000000004e-03 9.588078974887041113e+03
2.924099999999999790e-03 9.667138689501460249e+03
2.953499999999999962e-03 9.746689345601502282e+03
2.983200000000000088e-03 9.826721900815586196e+03
3.013200000000000166e-03 9.907227283055077351e+03
3.043500000000000198e-03 9.988196401747667551e+03
3.074100000000000183e-03 1.006962013453722648e+04
3.104899999999999848e-03 1.015122495831574088e+04
3.136200000000000012e-03 1.023379485314298472e+04
3.167699999999999856e-03 1.031652750281292901e+04
3.199500000000000087e-03 1.039967809206046149e+04
3.231700000000000111e-03 1.048349714449393650e+04
3.264099999999999814e-03 1.056745480571468579e+04
3.296900000000000178e-03 1.065206008096528603e+04
3.330099999999999900e-03 1.073730009632524707e+04
3.363600000000000010e-03 1.082290675110752272e+04
3.397400000000000073e-03 1.090887040718357821e+04
3.431500000000000088e-03 1.099518141980165819e+04
3.465999999999999897e-03 1.108208141464068103e+04
3.500800000000000092e-03 1.116930700385957607e+04
3.536000000000000081e-03 1.125709730519385994e+04
3.571500000000000022e-03 1.134519135928329706e+04
3.607400000000000190e-03 1.143382574785563156e+04
3.643700000000000151e-03 1.152298698563063408e+04
3.680300000000000064e-03 1.161241783833096815e+04
3.717300000000000205e-03 1.170235103967453688e+04
3.754700000000000138e-03 1.179277303388151995e+04
3.792400000000000024e-03 1.188343041284904575e+04
3.830500000000000137e-03 1.197455202026277402e+04
3.869000000000000043e-03 1.206612425743515450e+04
3.907899999999999742e-03 1.215813349975689925e+04
3.947199999999999667e-03 1.225056612807649981e+04
3.986800000000000413e-03 1.234317532209774254e+04
4.026899999999999924e-03 1.243641518092257502e+04
4.067399999999999662e-03 1.253003755808503956e+04
4.108299999999999626e-03 1.262402879519080125e+04
4.149500000000000410e-03 1.271814745019758811e+04
4.191199999999999960e-03 1.281283673201801321e+04
4.233400000000000010e-03 1.290807850794271690e+04
4.275900000000000013e-03 1.300340718967600878e+04
4.318899999999999649e-03 1.309925717497925689e+04
4.362300000000000379e-03 1.319538928930464863e+04
4.406099999999999600e-03 1.329178938891387043e+04
4.450400000000000189e-03 1.338866131156119627e+04
4.495100000000000137e-03 1.348577012234090762e+04
4.540299999999999718e-03 1.358331680782101103e+04
4.585999999999999799e-03 1.368128296115036028e+04
4.631999999999999833e-03 1.377922577752133475e+04
4.678599999999999773e-03 1.387776780443183634e+04
4.725599999999999939e-03 1.397646774604828170e+04
4.773099999999999739e-03 1.407551943206027136e+04
4.821100000000000038e-03 1.417490452411563274e+04
4.869499999999999697e-03 1.427439987800436393e+04
4.918500000000000129e-03 1.437439832129449496e+04
4.967899999999999920e-03 1.447447343605517926e+04
5.017800000000000211e-03 1.457481184544951611e+04
5.068300000000000409e-03 1.467559421294859021e+04
5.119199999999999966e-03 1.477640331558534854e+04
5.170600000000000022e-03 1.487742137110040676e+04
5.222599999999999985e-03 1.497882443681396580e+04
5.275099999999999581e-03 1.508039706643848695e+04
5.328099999999999677e-03 1.518212073707821583e+04
5.381699999999999678e-03 1.528416608819090652e+04
5.435800000000000180e-03 1.538632142675833165e+04
5.490400000000000315e-03 1.548856789805047083e+04
5.545600000000000356e-03 1.559107168969208396e+04
5.601300000000000029e-03 1.569362607086051685e+04
5.657599999999999608e-03 1.579639417405373570e+04
5.714399999999999688e-03 1.589917253490374060e+04
5.771899999999999947e-03 1.600229978977762221e+04
5.829899999999999839e-03 1.610539405298569727e+04
5.888499999999999637e-03 1.620861237687797257e+04
5.947700000000000209e-03 1.631193173717306490e+04
6.007400000000000413e-03 1.641515710160221352e+04
6.067799999999999930e-03 1.651861145185838905e+04
6.128800000000000220e-03 1.662209832910477417e+04
6.190400000000000416e-03 1.672559507877762007e+04
6.252599999999999651e-03 1.682907916197410304e+04
6.315399999999999660e-03 1.693252818592870972e+04
6.378899999999999848e-03 1.703608219638981973e+04
6.442999999999999942e-03 1.713955359304953527e+04
6.507800000000000216e-03 1.724307931417494183e+04
6.573200000000000397e-03 1.734647494365564853e+04
6.639199999999999616e-03 1.744971841925266563e+04
6.706000000000000155e-03 1.755309528801564375e+04
6.773399999999999734e-03 1.765626801614704527e+04
6.841400000000000085e-03 1.775921358700466226e+04
6.910200000000000023e-03 1.786220692903107556e+04
6.979599999999999867e-03 1.796492111175736864e+04
7.049800000000000164e-03 1.806762473397092617e+04
7.120600000000000367e-03 1.816999793612527719e+04
7.192200000000000155e-03 1.827230282288702074e+04
7.264500000000000124e-03 1.837436699899949235e+04
7.337500000000000272e-03 1.847616373680036486e+04
7.411199999999999732e-03 1.857766653962987039e+04
7.485699999999999646e-03 1.867898423583481053e+04
7.561000000000000013e-03 1.878008556794845936e+04
7.636900000000000285e-03 1.888067618409925126e+04
7.713700000000000417e-03 1.898112547907730550e+04
7.791199999999999862e-03 1.908114127950940383e+04
7.869499999999999759e-03 1.918082489910594086e+04
7.948600000000000110e-03 1.928014626256953852e+04
8.028499999999999179e-03 1.937907573113502440e+04
8.109200000000000436e-03 1.947758404234880072e+04
8.190700000000000411e-03 1.957564212035666787e+04
8.273000000000000839e-03 1.967322045283086482e+04
8.356099999999999986e-03 1.977028953892987920e+04
8.440100000000000727e-03 1.986693397880745761e+04
8.524999999999999592e-03 1.996311773078322949e+04
8.610599999999999504e-03 2.005858320822776659e+04
8.697200000000000417e-03 2.015363164700084963e+04
8.784600000000000047e-03 2.024800831465682131e+04
8.872899999999999537e-03 2.034178894533312996e+04
8.961999999999999481e-03 2.043483536980730423e+04
9.052100000000000424e-03 2.052732223196570703e+04
9.143099999999999491e-03 2.061911026480659348e+04
9.235000000000000153e-03 2.071016591344855624e+04
9.327800000000000674e-03 2.080045615130214355e+04
9.421499999999999320e-03 2.088994829341256627e+04
9.516200000000000700e-03 2.097870294052692043e+04
9.611899999999999611e-03 2.106668303502866183e+04
9.708500000000000116e-03 2.115376266322953234e+04
9.806000000000000480e-03 2.123991099325560936e+04
9.904599999999999516e-03 2.132526904174578158e+04
1.000400000000000074e-02 2.140954453294411724e+04
1.010499999999999940e-02 2.149337056024023332e+04
1.020599999999999979e-02 2.157539615980749295e+04
1.030900000000000045e-02 2.165721242110216190e+04
1.041199999999999938e-02 2.173719696088374258e+04
1.051700000000000031e-02 2.181686904326544027e+04
1.062300000000000050e-02 2.189540960244062080e+04
1.072999999999999995e-02 2.197278410105053263e+04
1.083699999999999941e-02 2.204826109944610653e+04
1.094599999999999913e-02 2.212321689014432195e+04
1.105599999999999986e-02 2.219690391389754950e+04
1.116699999999999984e-02 2.226928970229004699e+04
1.128000000000000010e-02 2.234096776675558067e+04
1.139300000000000035e-02 2.241063831055578339e+04
1.150699999999999987e-02 2.247891394548660537e+04
1.162299999999999965e-02 2.254633716952292889e+04
1.174000000000000044e-02 2.261227132198293111e+04
1.185800000000000048e-02 2.267668822647912748e+04
1.197699999999999980e-02 2.273956042060533218e+04
1.209700000000000011e-02 2.280086141510430753e+04
1.221900000000000069e-02 2.286105009869911737e+04
1.234200000000000054e-02 2.291958198992395774e+04
1.246599999999999965e-02 2.297643310981620743e+04
1.259099999999999976e-02 2.303158020394825871e+04
1.271800000000000014e-02 2.308541647043062403e+04
1.284599999999999978e-02 2.313747157718702874e+04
1.297500000000000042e-02 2.318772592101656846e+04
1.310500000000000033e-02 2.323615927016963178e+04
1.323700000000000050e-02 2.328309746660372548e+04
1.336999999999999994e-02 2.332813877781741394e+04
1.350400000000000038e-02 2.337126180634727643e+04
1.363999999999999935e-02 2.341274093410596106e+04
1.377699999999999932e-02 2.345222430821958187e+04
1.391500000000000029e-02 2.348969211020672810e+04
1.405499999999999979e-02 2.352537266370553698e+04
1.419699999999999955e-02 2.355919872659528846e+04
1.433899999999999932e-02 2.359067782041079408e+04
1.448299999999999935e-02 2.362023843766957725e+04
1.462899999999999964e-02 2.364781735560788729e+04
1.477599999999999920e-02 2.367318877758187591e+04
1.492399999999999977e-02 2.369634151835935700e+04
1.507400000000000059e-02 2.371739765309165887e+04
1.522599999999999995e-02 2.373630052192891526e+04
1.537900000000000031e-02 2.375289459118497325e+04
1.553299999999999993e-02 2.376717369795080594e+04
1.568999999999999909e-02 2.377927161547766082e+04
1.584699999999999998e-02 2.378893030792205172e+04
1.600700000000000039e-02 2.379630933051446118e+04
1.616700000000000081e-02 2.380124700118284818e+04
1.633000000000000076e-02 2.380381448390988226e+04
1.649400000000000172e-02 2.380393708501997025e+04
1.666000000000000120e-02 2.380159552845932194e+04
1.682700000000000168e-02 2.379678495019391266e+04
1.699600000000000069e-02 2.378945877568094511e+04
1.716700000000000170e-02 2.377957838368896773e+04
1.734000000000000125e-02 2.376710682959823680e+04
1.751399999999999832e-02 2.375210271100671889e+04
1.769000000000000086e-02 2.373446856823617054e+04
1.786799999999999847e-02 2.371417388040893275e+04
1.804700000000000054e-02 2.369132472866044554e+04
1.822899999999999868e-02 2.366563963383869850e+04
1.841200000000000128e-02 2.363737644068804366e+04
1.859699999999999895e-02 2.360637853031406121e+04
1.878399999999999861e-02 2.357262603461512117e+04
1.897300000000000028e-02 2.353610120861880932e+04
1.916299999999999948e-02 2.349700058465537950e+04
1.935600000000000168e-02 2.345489921956547187e+04
1.955000000000000140e-02 2.341022193970950320e+04
1.974700000000000066e-02 2.336249950719275876e+04
1.994500000000000092e-02 2.331220984314032830e+04
2.014600000000000071e-02 2.325884084222692763e+04
2.034800000000000150e-02 2.320292050474907228e+04
2.055299999999999835e-02 2.314389429774197924e+04
2.075899999999999967e-02 2.308234005695103406e+04
2.096800000000000053e-02 2.301766980662646165e+04
2.117899999999999991e-02 2.295019098890190799e+04
2.139200000000000129e-02 2.287992075559869772e+04
2.160700000000000121e-02 2.280688039508007205e+04
2.182399999999999965e-02 2.273109438592775768e+04
2.204300000000000009e-02 2.265258918842808998e+04
2.226500000000000007e-02 2.257101969509954870e+04
2.248800000000000104e-02 2.248714988400070069e+04
2.271400000000000155e-02 2.240025904612585873e+04
2.294300000000000159e-02 2.231035524355555754e+04
2.317299999999999915e-02 2.221825897111745508e+04
2.340599999999999972e-02 2.212320666381354749e+04
2.364099999999999882e-02 2.202563321544941209e+04
2.387900000000000092e-02 2.192515350332805610e+04
2.411900000000000155e-02 2.182222151845814369e+04
2.436100000000000071e-02 2.171688024264259002e+04
2.460599999999999940e-02 2.160873015726357335e+04
2.485300000000000009e-02 2.149825068569725772e+04
2.510300000000000031e-02 2.138503507708744655e+04
2.535600000000000007e-02 2.126911822415495772e+04
2.561000000000000082e-02 2.115146544029300276e+04
2.586799999999999863e-02 2.103072749194907374e+04
2.612799999999999845e-02 2.090787743004542426e+04
2.639000000000000026e-02 2.078299025358738072e+04
2.665599999999999914e-02 2.065519265675839415e+04
2.692299999999999902e-02 2.052601630205799302e+04
2.719399999999999942e-02 2.039410688284502976e+04
2.746699999999999836e-02 2.026053569779158715e+04
2.774300000000000030e-02 2.012491860799671485e+04
2.802199999999999830e-02 1.998735070705389444e+04
2.830399999999999930e-02 1.984792751409573975e+04
2.858799999999999883e-02 1.970724303923463594e+04
2.887599999999999889e-02 1.956440154101313965e+04
2.916600000000000095e-02 1.942049119813517609e+04
2.945899999999999908e-02 1.927511356282190172e+04
2.975500000000000020e-02 1.912836201530768813e+04
3.005400000000000085e-02 1.898033117156822846e+04
3.035600000000000104e-02 1.883111576477595008e+04
3.066100000000000075e-02 1.868080664983567840e+04
3.096900000000000000e-02 1.852949552447286260e+04
3.128100000000000325e-02 1.837678543634105517e+04
3.159499999999999809e-02 1.822374486797575082e+04
3.191200000000000286e-02 1.806997337479473936e+04
3.223299999999999776e-02 1.791507541361855692e+04
3.255700000000000260e-02 1.775961614547778663e+04
3.288399999999999657e-02 1.760367463281228993e+04
3.321500000000000147e-02 1.744688595057366911e+04
3.354900000000000243e-02 1.728987097939266096e+04
3.388599999999999945e-02 1.713277691828946627e+04
3.422599999999999948e-02 1.697574986926094061e+04
3.456999999999999656e-02 1.681848015766788740e+04
3.491799999999999765e-02 1.666112964254472899e+04
3.526900000000000174e-02 1.650429403895459473e+04
3.562300000000000189e-02 1.634810056661244016e+04
3.598099999999999909e-02 1.619224368730683818e+04
3.634300000000000030e-02 1.603685968152763053e+04
3.670799999999999758e-02 1.588250042636162470e+04
3.707699999999999885e-02 1.572886473316319643e+04
3.744999999999999718e-02 1.557607510262318283e+04
3.782599999999999851e-02 1.542464927311426800e+04
3.820599999999999691e-02 1.527429048478995355e+04
3.858999999999999930e-02 1.512510723407152909e+04
3.897799999999999876e-02 1.497720450099005029e+04
3.937000000000000222e-02 1.483068436460282828e+04
3.976500000000000173e-02 1.468600417075959558e+04
4.016499999999999931e-02 1.454252255054170018e+04
4.056900000000000089e-02 1.440069753143548587e+04
4.097599999999999854e-02 1.426095148009480909e+04
4.138800000000000118e-02 1.412267707236931892e+04
4.180400000000000088e-02 1.398629770228997040e+04
4.222399999999999765e-02 1.385188599493690162e+04
4.264899999999999941e-02 1.371920273583739436e+04
4.307699999999999724e-02 1.358893743567005731e+04
4.351000000000000006e-02 1.346054210378045900e+04
4.394800000000000095e-02 1.333409686877564491e+04
4.438899999999999790e-02 1.321023202862133621e+04
4.483499999999999985e-02 1.308843505274318341e+04
4.528599999999999987e-02 1.296877413584263013e+04
4.574099999999999694e-02 1.285156955748651853e+04
4.620099999999999901e-02 1.273661723787038500e+04
4.666499999999999815e-02 1.262421583426720281e+04
4.713400000000000228e-02 1.251416418987218276e+04
4.760799999999999754e-02 1.240650719179783482e+04
4.808599999999999680e-02 1.230149621951220979e+04
4.857000000000000206e-02 1.219868053111541121e+04
4.905799999999999744e-02 1.209843877169169355e+04
4.955099999999999782e-02 1.200050002969411253e+04
5.004900000000000321e-02 1.190482185291938549e+04
5.055199999999999971e-02 1.181136309220272960e+04
5.106000000000000122e-02 1.172007637873716703e+04
5.157300000000000079e-02 1.163092817282436954e+04
5.209099999999999842e-02 1.154388477797637461e+04
5.261500000000000205e-02 1.145873712724989855e+04
5.314399999999999680e-02 1.137556655343065177e+04
5.367799999999999655e-02 1.129426276897437310e+04
5.421700000000000130e-02 1.121470816652738904e+04
5.476199999999999818e-02 1.113665093819854883e+04
5.531200000000000006e-02 1.106012115612458365e+04
5.586800000000000099e-02 1.098486062705374570e+04
5.643000000000000099e-02 1.091076311554334097e+04
5.699699999999999905e-02 1.083783904677671853e+04
5.757000000000000312e-02 1.076581985387297027e+04
5.814799999999999830e-02 1.069466728096356201e+04
5.873300000000000048e-02 1.062395807802315903e+04
5.932300000000000073e-02 1.055376358168043589e+04
5.991900000000000004e-02 1.048381164019617245e+04
6.052099999999999841e-02 1.041394112764392776e+04
6.112999999999999684e-02 1.034386778336789212e+04
6.174400000000000027e-02 1.027364458733796528e+04
6.236499999999999683e-02 1.020285253738532811e+04
6.299100000000000532e-02 1.013154282890123068e+04
6.362400000000000000e-02 1.005932331307864661e+04
6.426400000000000168e-02 9.986018757185127470e+03
6.490999999999999548e-02 9.911574123080596110e+03
6.556199999999999528e-02 9.835822557251496619e+03
6.622100000000000208e-02 9.758472593682328807e+03
6.688700000000000201e-02 9.679373710846777612e+03
6.755899999999999406e-02 9.598508640770920465e+03
6.823799999999999311e-02 9.515617849686666887e+03
6.892399999999999916e-02 9.430585036722004588e+03
6.961599999999999733e-02 9.343429403117370384e+03
7.031600000000000350e-02 9.253794133520645119e+03
7.102300000000000280e-02 9.161737038718811164e+03
7.173599999999999421e-02 9.067336627019605658e+03
7.245699999999999363e-02 8.970281742071163535e+03
7.318500000000000005e-02 8.870696398483436496e+03
7.392100000000000060e-02 8.768445035104859926e+03
7.466399999999999426e-02 8.663682199922459404e+03
7.541399999999999493e-02 8.556466170226738541e+03
7.617200000000000359e-02 8.446721392554500198e+03
7.693800000000000638e-02 8.334533565030626050e+03
7.771100000000000230e-02 8.220179289307159706e+03
7.849200000000000621e-02 8.103654146496022804e+03
7.928100000000000425e-02 7.985121850048777560e+03
8.007799999999999641e-02 7.864779804565428094e+03
8.088299999999999657e-02 7.742838586033237334e+03
8.169500000000000373e-02 7.619681358572725003e+03
8.251600000000000601e-02 7.495261178094912793e+03
8.334600000000000342e-02 7.369847667669401744e+03
8.418299999999999395e-02 7.244027383864797230e+03
8.502899999999999348e-02 7.117799990574818366e+03
8.588400000000000201e-02 6.991480076450740853e+03
8.674700000000000466e-02 6.865533662829549030e+03
8.761900000000000244e-02 6.740139027894662831e+03
8.849999999999999534e-02 6.615632174307499554e+03
8.938899999999999624e-02 6.492480527395597164e+03
9.028700000000000614e-02 6.370869881487394196e+03
9.119499999999999829e-02 6.251002812512486344e+03
9.211099999999999843e-02 6.133449219525396074e+03
9.303699999999999470e-02 6.018247548036071748e+03
9.397199999999999998e-02 5.905821733536473403e+03
9.491600000000000037e-02 5.796422901231553624e+03
9.586999999999999689e-02 5.690178659566844544e+03
9.683400000000000341e-02 5.587331518394149498e+03
9.780700000000000505e-02 5.488169701501281452e+03
9.879000000000000281e-02 5.392757947305317430e+03
9.978299999999999670e-02 5.301253678977127493e+03
1.007900000000000046e-01 5.213411023095182827e+03
1.018000000000000016e-01 5.130245378920934854e+03
1.028199999999999947e-01 5.051181766782679915e+03
1.038599999999999940e-01 4.975501875120200566e+03
1.048999999999999932e-01 4.904630676842048160e+03
1.059500000000000025e-01 4.837755330304948984e+03
1.070200000000000040e-01 4.774178708240880951e+03
1.080900000000000055e-01 4.714947116312204344e+03
1.091799999999999993e-01 4.658773170640354692e+03
1.102800000000000030e-01 4.605996311327038711e+03
1.113900000000000029e-01 4.556362907231534336e+03
1.125000000000000028e-01 4.509992166247468958e+03
1.136400000000000049e-01 4.465350346967756195e+03
1.147799999999999931e-01 4.423307032856318983e+03
1.159300000000000053e-01 4.383097170972262575e+03
1.170999999999999958e-01 4.344013084623383293e+03
1.182700000000000001e-01 4.306318295229210889e+03
1.194599999999999967e-01 4.268964899115261687e+03
1.206600000000000034e-01 4.231873224590221071e+03
1.218800000000000022e-01 4.194311179251181784e+03
1.231000000000000011e-01 4.156509481566622526e+03
1.243400000000000061e-01 4.117477145723630201e+03
1.255900000000000072e-01 4.077143597569362100e+03
1.268499999999999905e-01 4.035207227021319341e+03
1.281200000000000117e-01 3.991396333002746360e+03
1.294099999999999973e-01 3.945084247497397882e+03
1.307099999999999929e-01 3.896456713812840007e+03
1.320300000000000085e-01 3.845002497316192148e+03
1.333499999999999963e-01 3.791416370168746198e+03
1.346900000000000042e-01 3.734925192629184494e+03
1.360500000000000043e-01 3.675560201113058156e+03
1.374100000000000044e-01 3.614312265343393847e+03
1.387899999999999967e-01 3.550511913467165868e+03
1.401900000000000091e-01 3.484389809620608503e+03
1.416000000000000036e-01 3.416710132976588284e+03
1.430200000000000082e-01 3.347855598009972709e+03
1.444600000000000051e-01 3.277741558482231085e+03
1.459100000000000119e-01 3.207279467844450210e+03
1.473800000000000110e-01 3.136442499254695122e+03
1.488599999999999923e-01 3.066186896138381144e+03
1.503500000000000114e-01 2.996964700392783470e+03
1.518700000000000050e-01 2.928311566221682369e+03
1.533899999999999986e-01 2.862034783237757438e+03
1.549300000000000122e-01 2.797640071073964009e+03
1.564899999999999902e-01 2.735497032742612646e+03
1.580600000000000060e-01 2.676345191455072836e+03
1.596499999999999864e-01 2.620056619609097197e+03
1.612599999999999867e-01 2.566832923415613095e+03
1.628799999999999970e-01 2.517163588016437643e+03
1.645099999999999896e-01 2.471054283012205360e+03
1.661700000000000121e-01 2.427934638564322540e+03
1.678399999999999892e-01 2.388301778960831143e+03
1.695200000000000040e-01 2.351940774711867562e+03
1.712299999999999933e-01 2.318193310920726617e+03
1.729499999999999926e-01 2.287206191925322855e+03
1.746900000000000119e-01 2.258456333564290162e+03
1.764400000000000135e-01 2.231730503406229218e+03
1.782199999999999895e-01 2.206338378308643314e+03
1.800100000000000033e-01 2.182155696400614488e+03
1.818200000000000094e-01 2.158598076899373154e+03
1.836399999999999977e-01 2.135339744418822193e+03
1.854899999999999882e-01 2.111697405457339300e+03
1.873499999999999888e-01 2.087486635390416723e+03
1.892399999999999916e-01 2.062029447399087076e+03
1.911400000000000043e-01 2.035302664752307464e+03
1.930600000000000094e-01 2.006894291189041269e+03
1.950000000000000067e-01 1.976608517524270383e+03
1.969599999999999962e-01 1.944446455014229286e+03
1.989400000000000057e-01 1.910441425225526700e+03
2.009400000000000075e-01 1.874714372870653506e+03
2.029600000000000015e-01 1.837528206021792357e+03
2.049999999999999878e-01 1.799173582533141371e+03
2.070599999999999941e-01 1.759996751702067741e+03
2.091399999999999926e-01 1.720410681289058857e+03
2.112400000000000111e-01 1.680844165600329688e+03
2.133599999999999941e-01 1.641703201884372675e+03
2.155100000000000071e-01 1.603193646713479438e+03
2.176700000000000024e-01 1.566058520857176518e+03
2.198599999999999999e-01 1.530256216874917300e+03
2.220699999999999896e-01 1.496200066936954954e+03
2.242999999999999994e-01 1.464119278677635066e+03
2.265600000000000114e-01 1.433992194766381090e+03
2.288300000000000056e-01 1.406117440549671528e+03
2.311300000000000021e-01 1.380263814890670574e+03
2.334600000000000009e-01 1.356337893299157713e+03
2.358000000000000096e-01 1.334352423484811197e+03
2.381699999999999928e-01 1.313903857579677833e+03
2.405700000000000061e-01 1.294705075459940417e+03
2.429800000000000015e-01 1.276564498112548108e+03
2.454300000000000093e-01 1.258900066575224400e+03
2.478899999999999992e-01 1.241590789325050309e+03
2.503799999999999915e-01 1.224146387826633372e+03
2.529000000000000137e-01 1.206244184083238906e+03
2.554400000000000004e-01 1.187758160791513774e+03
2.580100000000000171e-01 1.168438229026652152e+03
2.605999999999999983e-01 1.148238753708069680e+03
2.632200000000000095e-01 1.127111934389974067e+03
2.658699999999999952e-01 1.105111501453034634e+03
2.685400000000000009e-01 1.082439538608697603e+03
2.712399999999999811e-01 1.059244204385682906e+03
2.739599999999999813e-01 1.035864614823910870e+03
2.767200000000000215e-01 1.012405579809122173e+03
2.795000000000000262e-01 9.893422578618423131e+02
2.823100000000000054e-01 9.669028902981286819e+02
2.851500000000000146e-01 9.453304451388502230e+02
2.880099999999999882e-01 9.248523585639569546e+02
2.909100000000000019e-01 9.054770645628747161e+02
2.938299999999999801e-01 8.873792111738553103e+02
2.967799999999999883e-01 8.704294923702150300e+02
2.997600000000000264e-01 8.545560218951094384e+02
3.027799999999999936e-01 8.395658003340736286e+02
3.058199999999999807e-01 8.253572167982282508e+02
3.088899999999999979e-01 8.116694819275091959e+02
3.119999999999999996e-01 7.982544313398901750e+02
3.151300000000000212e-01 7.849898704435923946e+02
3.183000000000000274e-01 7.715855416564647840e+02
3.215000000000000080e-01 7.579608878894865711e+02
3.247300000000000186e-01 7.440257499969750370e+02
3.279900000000000038e-01 7.297136759482032176e+02
3.312899999999999734e-01 7.150460247203216113e+02
3.346199999999999730e-01 7.001781446470379251e+02
3.379800000000000026e-01 6.852327876228137029e+02
3.413800000000000168e-01 6.703195112397354478e+02
3.448100000000000054e-01 6.556477094478414074e+02
3.482799999999999785e-01 6.413290526031555601e+02
3.517799999999999816e-01 6.275156152668477034e+02
3.553100000000000147e-01 6.143097269533720919e+02
3.588799999999999768e-01 6.017361630867414988e+02
3.624899999999999789e-01 5.897614323774829472e+02
3.661300000000000110e-01 5.783665418173184207e+02
3.698100000000000276e-01 5.674425036903949149e+02
3.735299999999999732e-01 5.568715833367824644e+02
3.772800000000000042e-01 5.465539095885999359e+02
3.810799999999999743e-01 5.363273209262364389e+02
3.849099999999999744e-01 5.261676888300501105e+02
3.887700000000000045e-01 5.159969868409476703e+02
3.926799999999999735e-01 5.057333844482403151e+02
3.966299999999999826e-01 4.954253102427552449e+02
4.006100000000000216e-01 4.851256919864423480e+02
4.046399999999999997e-01 4.748426758508637704e+02
4.087100000000000177e-01 4.646896786362749481e+02
4.128100000000000103e-01 4.547779130619401826e+02
4.169599999999999973e-01 4.451117784429005155e+02
4.211500000000000243e-01 4.357470308931586942e+02
4.253899999999999904e-01 4.266894685156628384e+02
4.296599999999999864e-01 4.179709289844700493e+02
4.339799999999999769e-01 4.095205842030302961e+02
4.383400000000000074e-01 4.013260533660540545e+02
4.427499999999999769e-01 3.933250332497360091e+02
4.471999999999999864e-01 3.854864507370404567e+02
4.516899999999999804e-01 3.777626104422922140e+02
4.562300000000000244e-01 3.701074139515167758e+02
4.608200000000000074e-01 3.624965704194676732e+02
4.654499999999999749e-01 3.549337130364350514e+02
4.701199999999999823e-01 3.474480206228918178e+02
4.748499999999999943e-01 3.400473431203918722e+02
4.796199999999999908e-01 3.327992237502746207e+02
4.844399999999999817e-01 3.257128262466749788e+02
4.893100000000000227e-01 3.188117704664900884e+02
4.942300000000000026e-01 3.121087287180580461e+02
4.991999999999999771e-01 3.055941950926306845e+02
5.042100000000000470e-01 2.992676536651312631e+02
5.092799999999999550e-01 2.930828612046152557e+02
5.143999999999999684e-01 2.870196134852620276e+02
5.195699999999999763e-01 2.810431526832132363e+02
5.247899999999999787e-01 2.751395245266547249e+02
5.300599999999999756e-01 2.693201165125661305e+02
5.353900000000000325e-01 2.635871534539109575e+02
5.407699999999999729e-01 2.579613348188331088e+02
5.462099999999999733e-01 2.524390003260562594e+02
5.516999999999999682e-01 2.470368525768375036e+02
5.572399999999999576e-01 2.417595586762646747e+02
5.628400000000000070e-01 2.366016644694726949e+02
5.685000000000000053e-01 2.315664302835438662e+02
5.742099999999999982e-01 2.266545003866958439e+02
5.799800000000000511e-01 2.218424586869295467e+02
5.858100000000000529e-01 2.171164799015601830e+02
5.917000000000000037e-01 2.124719111086860721e+02
5.976500000000000146e-01 2.079079270801603627e+02
6.036500000000000199e-01 2.034318399182879489e+02
6.097200000000000397e-01 1.990337278250956672e+02
6.158500000000000085e-01 1.947278253760741222e+02
6.220400000000000373e-01 1.905190752803896999e+02
6.282900000000000151e-01 1.864055672325077353e+02
6.346000000000000529e-01 1.823834716833664515e+02
6.409799999999999942e-01 1.784426509612771099e+02
6.474199999999999955e-01 1.745854492358100174e+02
6.539300000000000113e-01 1.708017558469685468e+02
6.604999999999999760e-01 1.670943349571989245e+02
6.671399999999999553e-01 1.634573508863321365e+02
6.738399999999999945e-01 1.598963410118182651e+02
6.806200000000000028e-01 1.564009494908021054e+02
6.874599999999999600e-01 1.529818442237116187e+02
6.943599999999999772e-01 1.496387707518976811e+02
7.013399999999999634e-01 1.463616695410130433e+02
7.083899999999999642e-01 1.431543465671528281e+02
7.155099999999999794e-01 1.400154539094092456e+02
7.227000000000000091e-01 1.369435971809128034e+02
7.299700000000000077e-01 1.339332711987027267e+02
7.372999999999999554e-01 1.309911688928736737e+02
7.447099999999999831e-01 1.281079128303052528e+02
7.521999999999999797e-01 1.252826924093837704e+02
7.597599999999999909e-01 1.225181584554767937e+02
7.673900000000000166e-01 1.198132828689097238e+02
7.751000000000000112e-01 1.171637812812861057e+02
7.828899999999999748e-01 1.145689525845452295e+02
7.907600000000000184e-01 1.120281503357002322e+02
7.987100000000000311e-01 1.095406808394159128e+02
8.067400000000000126e-01 1.071057408261809627e+02
8.148499999999999632e-01 1.047226197756489938e+02
8.230300000000000393e-01 1.023933601393014214e+02
8.313099999999999934e-01 1.001087012598913333e+02
8.396599999999999620e-01 9.787627692444780791e+01
8.480999999999999650e-01 9.568988976154676607e+01
8.566200000000000481e-01 9.355134713886373277e+01
8.652300000000000546e-01 9.145746683167843116e+01
8.739299999999999846e-01 8.940761861209250583e+01
8.827099999999999946e-01 8.740337161108244857e+01
8.915800000000000392e-01 8.544175054136678682e+01
9.005400000000000071e-01 8.352208847192402175e+01
9.095900000000000096e-01 8.164369760515904773e+01
9.187400000000000011e-01 7.980399238654644023e+01
9.279699999999999616e-01 7.800630090053157062e+01
9.372899999999999565e-01 7.624789117250344361e+01
9.467100000000000515e-01 7.452634197550190720e+01
9.562300000000000244e-01 7.284111803950028730e+01
9.658400000000000318e-01 7.119338349791334508e+01
9.755500000000000282e-01 6.958086269913103195e+01
9.853499999999999481e-01 6.800457501602960519e+01
9.952499999999999680e-01 6.646230491304906707e+01
1.005300000000000082e+00 6.494612776876910232e+01
1.015400000000000080e+00 6.347054455428373387e+01
1.025600000000000067e+00 6.202735694877937078e+01
1.035900000000000043e+00 6.061604373335114104e+01
1.046300000000000008e+00 5.923601593448289293e+01
1.056799999999999962e+00 5.788674122469200967e+01
1.067399999999999904e+00 5.656768717035953387e+01
1.078100000000000058e+00 5.527826476093569141e+01
1.088999999999999968e+00 5.400646669053136151e+01
1.099900000000000100e+00 5.277508302336160995e+01
1.110999999999999988e+00 5.156091232355532128e+01
1.122100000000000097e+00 5.038530859668269102e+01
1.133399999999999963e+00 4.922653136134282192e+01
1.144800000000000040e+00 4.809474585606062647e+01
1.156300000000000106e+00 4.698942136447954709e+01
1.167899999999999938e+00 4.591000112311431280e+01
1.179699999999999971e+00 4.484704640122081543e+01
1.191500000000000004e+00 4.381805441615045282e+01
1.203500000000000014e+00 4.280502189422057313e+01
1.215600000000000014e+00 4.181623674099432009e+01
1.227800000000000002e+00 4.085118205661587609e+01
1.240199999999999969e+00 3.990177541823321405e+01
1.252599999999999936e+00 3.898278037473329505e+01
1.265200000000000102e+00 3.807886389460210097e+01
1.277900000000000036e+00 3.719700979311849665e+01
1.290799999999999947e+00 3.633007405314867810e+01
1.303700000000000081e+00 3.549100144759207609e+01
1.316799999999999971e+00 3.466624560277051614e+01
1.330100000000000060e+00 3.385590715558677033e+01
1.343499999999999917e+00 3.306588216776208355e+01
1.356999999999999984e+00 3.229563820622811221e+01
1.370600000000000041e+00 3.154467735037204790e+01
1.384400000000000075e+00 3.080726905940768745e+01
1.398300000000000098e+00 3.008850993742789726e+01
1.412300000000000111e+00 2.938792313740985662e+01
1.426500000000000101e+00 2.870028413924726962e+01
1.440900000000000070e+00 2.802557342316591615e+01
1.455300000000000038e+00 2.737270340355981091e+01
1.469999999999999973e+00 2.672783462050709957e+01
1.484699999999999909e+00 2.610387009835389804e+01
1.499700000000000033e+00 2.548783938612638522e+01
1.514699999999999935e+00 2.489182541090785605e+01
1.530000000000000027e+00 2.430363792242537357e+01
1.545299999999999896e+00 2.373458130339600913e+01
1.560899999999999954e+00 2.317324568553312503e+01
1.576600000000000001e+00 2.262674281439269919e+01
1.592400000000000038e+00 2.209466491759127038e+01
1.608400000000000052e+00 2.157339402588578636e+01
1.624600000000000044e+00 2.106283150524297909e+01
1.640900000000000025e+00 2.056589622300209541e+01
1.657399999999999984e+00 2.007928585434604685e+01
1.673999999999999932e+00 1.960569602491252894e+01
1.690900000000000070e+00 1.913932957687513081e+01
1.707899999999999974e+00 1.868559079334825768e+01
1.725000000000000089e+00 1.824409548309166240e+01
1.742399999999999949e+00 1.780957804601018069e+01
1.759900000000000020e+00 1.738690838491661239e+01
1.777600000000000069e+00 1.697342603570962183e+01
1.795400000000000107e+00 1.657124141559272346e+01
1.813499999999999890e+00 1.617570141156663510e+01
1.831700000000000106e+00 1.579105210755472832e+01
1.850100000000000078e+00 1.541495497780720392e+01
1.868700000000000028e+00 1.504727136465130855e+01
1.887499999999999956e+00 1.468787297085237853e+01
1.906400000000000095e+00 1.433845222546195153e+01
1.925599999999999978e+00 1.399516833010949490e+01
1.945000000000000062e+00 1.365977005104297426e+01
1.964499999999999913e+00 1.333376957774292926e+01
1.984299999999999953e+00 1.301367699670480960e+01
2.004199999999999982e+00 1.270259746864023853e+01
2.024300000000000210e+00 1.239875694350648239e+01
2.044700000000000184e+00 1.210057514528346445e+01
2.065199999999999925e+00 1.181084774060684772e+01
2.085999999999999854e+00 1.152661253797233343e+01
2.107000000000000206e+00 1.124916076724975511e+01
2.128099999999999881e+00 1.097961925622669632e+01
2.149500000000000188e+00 1.071529772626911026e+01
2.171100000000000030e+00 1.045735305617656330e+01
2.192899999999999849e+00 1.020565894436420429e+01
2.214999999999999858e+00 9.958983249627310741e+00
2.237200000000000077e+00 9.719420277110280892e+00
2.259700000000000042e+00 9.484686453869512590e+00
2.282399999999999984e+00 9.255744182293593525e+00
2.305400000000000116e+00 9.031500510291241568e+00
2.328500000000000014e+00 8.813782736897476155e+00
2.351900000000000102e+00 8.600572854720233806e+00
2.375599999999999934e+00 8.391833215979318084e+00
2.399500000000000188e+00 8.188367668973778990e+00
2.423599999999999977e+00 7.990044952250593191e+00
2.447900000000000187e+00 7.796739863285076844e+00
2.472500000000000142e+00 7.607579340088755693e+00
2.497399999999999842e+00 7.422514318803758115e+00
2.522499999999999964e+00 7.242204749370261041e+00
2.547800000000000065e+00 7.066534545052872041e+00
2.573399999999999910e+00 6.894721121596647961e+00
2.599299999999999944e+00 6.726717193923705373e+00
2.625399999999999956e+00 6.563091300806079609e+00
2.651800000000000157e+00 6.403128126771455264e+00
2.678500000000000103e+00 6.246778198764892487e+00
2.705400000000000027e+00 6.094546438942129107e+00
2.732600000000000140e+00 5.945779591783741935e+00
2.759999999999999787e+00 5.800946692852792630e+00
2.787799999999999834e+00 5.658937380324950084e+00
2.815799999999999859e+00 5.520714565568884957e+00
2.844100000000000072e+00 5.385707763792629166e+00
2.872700000000000031e+00 5.253862099306521927e+00
2.901499999999999968e+00 5.125556049352952392e+00
2.930699999999999861e+00 4.999846896658638684e+00
2.960199999999999942e+00 4.877131160116382702e+00
2.989900000000000002e+00 4.757744509182948889e+00
3.020000000000000018e+00 4.640830778943098700e+00
3.050300000000000011e+00 4.527110351177836556e+00
3.080999999999999961e+00 4.415774400280579215e+00
3.111899999999999888e+00 4.307496721928272265e+00
3.143200000000000216e+00 4.201519443855687541e+00
3.174799999999999844e+00 4.098142112126397230e+00
3.206700000000000106e+00 3.997312927355233469e+00
3.238900000000000112e+00 3.898975326110288631e+00
3.271500000000000075e+00 3.802784470669764438e+00
3.304399999999999782e+00 3.708999293428426824e+00
3.337600000000000122e+00 3.617563600757369713e+00
3.371100000000000207e+00 3.528424103971826042e+00
3.404999999999999805e+00 3.441277886035335687e+00
3.439200000000000035e+00 3.356340513869447317e+00
3.473800000000000221e+00 3.273324781967038799e+00
3.508700000000000152e+00 3.192433179801899001e+00
3.544000000000000039e+00 3.113392050469359074e+00
3.579600000000000115e+00 3.036387228750276446e+00
3.615499999999999936e+00 2.961369895487634185e+00
3.651899999999999924e+00 2.887891665920628181e+00
3.688600000000000101e+00 2.816329493097545544e+00
3.725699999999999790e+00 2.746450375712316649e+00
3.763100000000000112e+00 2.678402086572853946e+00
3.800899999999999945e+00 2.611966248913283106e+00
3.839100000000000179e+00 2.547114556460100765e+00
3.877699999999999925e+00 2.483816141923304244e+00
3.916700000000000070e+00 2.422043860072294663e+00
3.955999999999999961e+00 2.361918986804796283e+00
3.995800000000000018e+00 2.303104920405243838e+00
4.035999999999999588e+00 2.245730140261815944e+00
4.076500000000000234e+00 2.189900771216976239e+00
4.117499999999999716e+00 2.135311044126479540e+00
4.158900000000000041e+00 2.082074273651187468e+00
4.200700000000000323e+00 2.030161253163165647e+00
4.242899999999999672e+00 1.979542692076668775e+00
4.285499999999999865e+00 1.930192106107003092e+00
4.328599999999999781e+00 1.881970820647378195e+00
4.372099999999999653e+00 1.834968178115231607e+00
4.416000000000000369e+00 1.789157984756918340e+00
4.460399999999999920e+00 1.744412887660133249e+00
4.505200000000000315e+00 1.700811560059407368e+00
4.550500000000000433e+00 1.658235962451007461e+00
4.596300000000000274e+00 1.616667972132012521e+00
