2.107699999999999895e-04 8.368630116778399497e+02
2.128900000000000031e-04 8.450089332389916308e+02
2.150200000000000115e-04 8.531903068830930579e+02
2.171899999999999992e-04 8.615222776958512441e+02
2.193700000000000088e-04 8.698895718277087781e+02
2.215700000000000080e-04 8.783305281753696363e+02
2.237999999999999918e-04 8.868834290723953018e+02
2.260499999999999923e-04 8.955098350016517088e+02
2.283200000000000095e-04 9.042096813865439344e+02
2.306200000000000112e-04 9.130212074456430855e+02
2.329300000000000077e-04 9.218677266799018071e+02
2.352699999999999887e-04 9.308257676718682205e+02
2.376400000000000083e-04 9.398952224005978451e+02
2.400299999999999905e-04 9.490377366967884427e+02
2.424399999999999895e-04 9.582532457651618643e+02
2.448800000000000000e-04 9.675799015167089010e+02
2.473399999999999731e-04 9.769793931706717558e+02
2.498199999999999900e-04 9.864516558100552857e+02
2.523299999999999914e-04 9.960347971770081585e+02
2.548699999999999772e-04 1.005728708243786173e+03
2.574300000000000069e-04 1.015495136948611162e+03
2.600200000000000211e-04 1.025372145732178979e+03
2.626300000000000249e-04 1.035321511231338945e+03
2.652700000000000132e-04 1.045381264937576134e+03
2.679399999999999859e-04 1.055551293018031629e+03
2.706300000000000025e-04 1.065793412493685082e+03
2.733500000000000036e-04 1.076145604663341373e+03
2.760999999999999891e-04 1.086607753467533712e+03
2.788700000000000185e-04 1.097141721513262382e+03
2.816699999999999781e-04 1.107785443904879230e+03
2.845100000000000255e-04 1.118576793558305553e+03
2.873600000000000134e-04 1.129401683176175538e+03
2.902499999999999807e-04 1.140373964407066978e+03
2.931699999999999866e-04 1.151455529134674180e+03
2.961199999999999770e-04 1.162646258661389311e+03
2.990900000000000112e-04 1.173908123077531400e+03
3.021000000000000248e-04 1.185316840665622976e+03
3.051299999999999737e-04 1.196796486363035910e+03
3.082000000000000104e-04 1.208422713290263118e+03
3.112999999999999773e-04 1.220157506303312175e+03
3.144299999999999829e-04 1.232000744473900340e+03
3.175899999999999730e-04 1.243952306728198664e+03
3.207800000000000018e-04 1.256012072197255293e+03
3.240000000000000150e-04 1.268179919630599670e+03
3.272600000000000075e-04 1.280493489902707779e+03
3.305499999999999845e-04 1.292914862005409532e+03
3.338700000000000001e-04 1.305443910821507870e+03
3.372299999999999950e-04 1.318118220704730220e+03
3.406199999999999744e-04 1.330899912805695749e+03
3.440399999999999925e-04 1.343788853635373698e+03
3.474999999999999899e-04 1.356822571112736796e+03
3.509900000000000259e-04 1.369963236451408193e+03
3.545199999999999870e-04 1.383248341676816153e+03
3.580799999999999868e-04 1.396640091054693357e+03
3.616800000000000201e-04 1.410175940143609296e+03
3.653099999999999837e-04 1.423818126580626995e+03
3.689799999999999807e-04 1.437604069007910084e+03
3.726900000000000113e-04 1.451533576584511366e+03
3.764400000000000211e-04 1.465606457130788840e+03
3.802200000000000154e-04 1.479785017587568746e+03
3.840399999999999890e-04 1.494106601231134391e+03
3.878999999999999961e-04 1.508571013311402567e+03
3.917999999999999825e-04 1.523178058263855746e+03
3.957400000000000024e-04 1.537927539381228144e+03
3.997200000000000015e-04 1.552819259058866464e+03
4.037299999999999852e-04 1.567815631903852363e+03
4.077899999999999971e-04 1.582991254666450004e+03
4.118899999999999883e-04 1.598308520005112314e+03
4.160300000000000131e-04 1.613767223481934479e+03
4.202100000000000171e-04 1.629367158735860357e+03
4.244300000000000004e-04 1.645108115579052537e+03
4.287000000000000120e-04 1.661027148463155754e+03
4.330100000000000030e-04 1.677086726730563896e+03
4.373599999999999732e-04 1.693286629815196420e+03
4.417499999999999769e-04 1.709626637673692585e+03
4.461900000000000089e-04 1.726143719008812695e+03
4.506800000000000151e-04 1.742837589165312011e+03
4.552100000000000005e-04 1.759670812523946552e+03
4.597800000000000194e-04 1.776643162597619494e+03
4.644000000000000124e-04 1.793791519274330312e+03
4.690699999999999796e-04 1.811115591007194098e+03
4.737799999999999802e-04 1.828578019233088071e+03
4.785500000000000040e-04 1.846252658959634800e+03
4.833600000000000071e-04 1.864065105687223422e+03
4.882099999999999895e-04 1.882015125362567460e+03
4.931199999999999950e-04 1.900176437936781895e+03
4.980800000000000288e-04 1.918511719232926680e+03
5.030800000000000419e-04 1.936983731511476435e+03
5.081400000000000240e-04 1.955666057875618435e+03
5.132399999999999853e-04 1.974484549224629518e+03
5.184000000000000240e-04 1.993512694636247033e+03
5.236099999999999826e-04 2.012713267240144432e+03
5.288800000000000185e-04 2.032122764738101296e+03
5.341900000000000337e-04 2.051667201573837247e+03
5.395600000000000179e-04 2.071419856797178454e+03
5.449800000000000304e-04 2.091343571902630174e+03
5.504600000000000118e-04 2.111474728382548619e+03
5.559900000000000215e-04 2.131776212648280762e+03
5.615800000000000002e-04 2.152284355337062607e+03
5.672200000000000072e-04 2.172962085366591054e+03
5.729199999999999831e-04 2.193845679218917667e+03
5.786800000000000364e-04 2.214934710037941841e+03
5.844999999999999502e-04 2.236228747773787290e+03
5.903700000000000007e-04 2.257690810556097858e+03
5.963099999999999607e-04 2.279393587186403693e+03
6.022999999999999491e-04 2.301263565881739851e+03
6.083500000000000149e-04 2.323336855546389415e+03
6.144699999999999902e-04 2.345649457451277158e+03
6.206399999999999938e-04 2.368128007256349520e+03
6.268800000000000153e-04 2.390844918510815205e+03
6.331800000000000058e-04 2.413763292038167947e+03
6.395399999999999653e-04 2.436882673103924844e+03
6.459700000000000511e-04 2.460238916217160295e+03
6.524599999999999974e-04 2.483795196889976069e+03
6.590199999999999617e-04 2.507587298121723961e+03
6.656400000000000034e-04 2.531578427899583403e+03
6.723299999999999546e-04 2.555804297230778047e+03
6.790900000000000322e-04 2.580264321346973702e+03
6.859099999999999702e-04 2.604921764936671934e+03
6.928099999999999753e-04 2.629848336387065501e+03
6.997699999999999493e-04 2.654971183275701605e+03
7.068000000000000498e-04 2.680325840653823889e+03
7.139100000000000003e-04 2.705947719288700682e+03
7.210800000000000282e-04 2.731764131551573882e+03
7.283300000000000147e-04 2.757846469559234720e+03
7.356500000000000192e-04 2.784158086555053160e+03
7.430400000000000416e-04 2.810698354079623186e+03
7.505100000000000226e-04 2.837502505684304651e+03
7.580500000000000215e-04 2.864533973650126427e+03
7.656699999999999791e-04 2.891827919375453348e+03
7.733700000000000036e-04 2.919383600050874065e+03
7.811400000000000461e-04 2.947164529030585072e+03
7.889900000000000472e-04 2.975205755344764384e+03
7.969200000000000068e-04 3.003506519352647501e+03
8.049300000000000335e-04 3.032066057856810403e+03
8.130200000000000187e-04 3.060883605954842551e+03
8.211899999999999625e-04 3.089958393802064165e+03
8.294399999999999733e-04 3.119289634478352582e+03
8.377799999999999917e-04 3.148912020607855084e+03
8.461999999999999687e-04 3.178789164014628113e+03
8.547000000000000127e-04 3.208920232072721774e+03
8.632899999999999558e-04 3.239339771691863916e+03
8.719700000000000150e-04 3.270046818150405670e+03
8.807300000000000328e-04 3.301005080185888801e+03
8.895799999999999498e-04 3.332248979634357056e+03
8.985199999999999828e-04 3.363777534337815268e+03
9.075500000000000234e-04 3.395589754866234216e+03
9.166699999999999631e-04 3.427684643980394867e+03
9.258899999999999596e-04 3.460096330490528544e+03
9.351900000000000230e-04 3.492753494942548059e+03
9.445900000000000346e-04 3.525725348288231544e+03
9.540899999999999945e-04 3.559010746063979241e+03
9.636700000000000214e-04 3.592538580356992043e+03
9.733600000000000455e-04 3.626412744131477666e+03
9.831399999999999688e-04 3.660562153054062946e+03
9.930200000000000572e-04 3.695020606746028534e+03
1.002999999999999985e-03 3.729786917722119597e+03
1.013100000000000068e-03 3.764929440012588657e+03
1.023299999999999991e-03 3.800377265056196393e+03
1.033499999999999914e-03 3.835782295669989253e+03
1.043899999999999949e-03 3.871837523856374901e+03
1.054400000000000042e-03 3.908194341823865216e+03
1.064999999999999974e-03 3.944851440728994021e+03
1.075699999999999963e-03 3.981807489668523431e+03
1.086500000000000009e-03 4.019061127167215545e+03
1.097499999999999951e-03 4.056955241419751474e+03
1.108499999999999893e-03 4.094799458695455087e+03
1.119599999999999892e-03 4.132937109239307574e+03
1.130900000000000004e-03 4.171709682774650901e+03
1.142199999999999899e-03 4.210429525877489141e+03
1.153699999999999908e-03 4.249780519328247465e+03
1.165299999999999973e-03 4.289418331335262337e+03
1.177000000000000095e-03 4.329341511949526648e+03
1.188899999999999896e-03 4.369889096321178840e+03
1.200799999999999914e-03 4.410378140218700537e+03
1.212900000000000046e-03 4.451487649032735135e+03
1.225100000000000017e-03 4.492875636563471744e+03
1.237400000000000045e-03 4.534540598831394163e+03
1.249799999999999913e-03 4.576481024711846658e+03
1.262399999999999894e-03 4.619032849890571924e+03
1.275099999999999931e-03 4.661856048095044571e+03
1.287900000000000026e-03 4.704949080293902625e+03
1.300799999999999960e-03 4.748310403348270484e+03
1.313900000000000007e-03 4.792273789874705471e+03
1.327099999999999894e-03 4.836501220688087415e+03
1.340400000000000055e-03 4.880991056080079943e+03
1.353899999999999895e-03 4.926075325126509597e+03
1.367500000000000009e-03 4.971417559762360725e+03
1.381300000000000019e-03 5.017348616855795626e+03
1.395100000000000029e-03 5.063201123394475871e+03
1.409199999999999993e-03 5.109969300275078240e+03
1.423299999999999956e-03 5.156655493948628646e+03
1.437600000000000032e-03 5.203920185251102339e+03
1.452100000000000005e-03 5.251759863146312455e+03
1.466700000000000035e-03 5.299841947319744577e+03
1.481399999999999904e-03 5.348164671736495620e+03
1.496300000000000104e-03 5.397054079791650111e+03
1.511299999999999926e-03 5.446179355296057111e+03
1.526500000000000079e-03 5.495865280081214223e+03
1.541899999999999911e-03 5.546108177833513764e+03
1.557400000000000017e-03 5.596579036328574148e+03
1.572999999999999962e-03 5.647276033829381959e+03
1.588800000000000021e-03 5.698521360026041293e+03
1.604799999999999977e-03 5.750311235448742082e+03
1.620899999999999988e-03 5.802319154301871095e+03
1.637199999999999897e-03 5.854865318450575614e+03
1.653699999999999918e-03 5.907945878744336369e+03
1.670299999999999997e-03 5.961236170052146917e+03
1.687099999999999971e-03 6.015054169135042685e+03
1.704000000000000003e-03 6.069076458525415546e+03
1.721199999999999987e-03 6.123938203933220393e+03
1.738500000000000028e-03 6.178997284946753098e+03
1.755899999999999909e-03 6.234251589337090081e+03
1.773599999999999960e-03 6.290331979193635561e+03
1.791400000000000067e-03 6.346600505643360520e+03
1.809400000000000071e-03 6.403370062281195715e+03
1.827599999999999971e-03 6.460636313780143610e+03
1.845999999999999985e-03 6.518394888746193828e+03
1.864500000000000055e-03 6.576328603571624626e+03
1.883200000000000022e-03 6.634747323613545632e+03
1.902199999999999941e-03 6.693957854941983896e+03
1.921299999999999918e-03 6.753332444871482949e+03
1.940600000000000007e-03 6.813178607213822943e+03
1.960100000000000210e-03 6.873491808470934302e+03
1.979799999999999876e-03 6.934267485950193077e+03
1.999700000000000089e-03 6.995501048576235007e+03
2.019799999999999981e-03 7.057187879246292141e+03
2.040099999999999986e-03 7.119323339097563803e+03
2.060600000000000105e-03 7.181902770729329859e+03
2.081299999999999904e-03 7.244921494011390678e+03
2.102199999999999815e-03 7.308374732488942755e+03
2.123400000000000114e-03 7.372559931513751508e+03
2.144699999999999818e-03 7.436866633477984578e+03
2.166299999999999910e-03 7.501893681785472836e+03
2.187999999999999841e-03 7.567033975404540797e+03
2.210000000000000159e-03 7.632882851969190597e+03
2.232200000000000156e-03 7.699134631775022171e+03
2.254700000000000107e-03 7.766081333421227100e+03
2.277299999999999897e-03 7.833122769026302194e+03
2.300200000000000074e-03 7.900847094479469888e+03
2.323299999999999931e-03 7.968952058699060217e+03
2.346700000000000175e-03 8.037725932163592006e+03
2.370300000000000098e-03 8.106868218995879943e+03
2.394100000000000134e-03 8.176373696181523883e+03
2.418099999999999850e-03 8.246237127680084086e+03
2.442399999999999953e-03 8.316742934481557313e+03
2.467000000000000009e-03 8.387882971793111210e+03
2.491800000000000178e-03 8.459361306803451953e+03
2.516800000000000027e-03 8.531172619908677007e+03
2.542099999999999829e-03 8.603597359002136727e+03
2.567700000000000017e-03 8.676627219379026428e+03
2.593499999999999885e-03 8.749970069943206909e+03
2.619499999999999867e-03 8.823620539566245498e+03
2.645900000000000075e-03 8.898136707452609699e+03
2.672499999999999962e-03 8.972945424286946945e+03
2.699299999999999963e-03 9.048041072785907090e+03
2.726399999999999917e-03 9.123696683611109620e+03
2.753799999999999824e-03 9.199903491256314737e+03
2.781500000000000118e-03 9.276652685233553711e+03
2.809499999999999931e-03 9.353935411598356950e+03
2.837699999999999858e-03 9.431468373853696903e+03
2.866200000000000171e-03 9.509519209511930967e+03
2.895000000000000004e-03 9.588078974887041113e+03
2.924099999999999790e-03 9.667138689501460249e+03
2.953499999999999962e-03 9.746689345601502282e+03
2.983200000000000088e-03 9.826721900815584377e+03
3.013200000000000166e-03 9.907227283055079170e+03
3.043500000000000198e-03 9.988196401747667551e+03
3.074100000000000183e-03 1.006962013453722648e+04
3.104899999999999848e-03 1.015122495831574088e+04
3.136200000000000012e-03 1.023379485314298290e+04
3.167699999999999856e-03 1.031652750281292901e+04
3.199500000000000087e-03 1.039967809206046149e+04
3.231700000000000111e-03 1.048349714449393650e+04
3.264099999999999814e-03 1.056745480571468397e+04
3.296900000000000178e-03 1.065206008096528603e+04
3.330099999999999900e-03 1.073730009632524525e+04
3.363600000000000010e-03 1.082290675110752272e+04
3.397400000000000073e-03 1.090887040718357821e+04
3.431500000000000088e-03 1.099518141980165638e+04
3.465999999999999897e-03 1.108208141464068103e+04
3.500800000000000092e-03 1.116930700385957607e+04
3.536000000000000081e-03 1.125709730519386176e+04
3.571500000000000022e-03 1.134519135928329706e+04
3.607400000000000190e-03 1.143382574785563338e+04
3.643700000000000151e-03 1.152298698563063408e+04
3.680300000000000064e-03 1.161241783833096815e+04
3.717300000000000205e-03 1.170235103967453688e+04
3.754700000000000138e-03 1.179277303388151995e+04
3.792400000000000024e-03 1.188343041284904575e+04
3.830500000000000137e-03 1.197455202026277584e+04
3.869000000000000043e-03 1.206612425743515632e+04
3.907899999999999742e-03 1.215813349975689925e+04
3.947199999999999667e-03 1.225056612807649799e+04
3.986800000000000413e-03 1.234317532209774072e+04
4.026899999999999924e-03 1.243641518092257138e+04
4.067399999999999662e-03 1.253003755808503593e+04
4.108299999999999626e-03 1.262402879519080307e+04
4.149500000000000410e-03 1.271814745019758811e+04
4.191199999999999960e-03 1.281283673201801321e+04
4.233400000000000010e-03 1.290807850794271690e+04
4.275900000000000013e-03 1.300340718967600878e+04
4.318899999999999649e-03 1.309925717497925689e+04
4.362300000000000379e-03 1.319538928930464863e+04
4.406099999999999600e-03 1.329178938891387043e+04
4.450400000000000189e-03 1.338866131156119263e+04
4.495100000000000137e-03 1.348577012234090944e+04
4.540299999999999718e-03 1.358331680782100921e+04
4.585999999999999799e-03 1.368128296115036028e+04
4.631999999999999833e-03 1.377922577752133475e+04
4.678599999999999773e-03 1.387776780443183816e+04
4.725599999999999939e-03 1.397646774604827806e+04
4.773099999999999739e-03 1.407551943206027136e+04
4.821100000000000038e-03 1.417490452411563092e+04
4.869499999999999697e-03 1.427439987800436393e+04
4.918500000000000129e-03 1.437439832129449132e+04
4.967899999999999920e-03 1.447447343605517744e+04
5.017800000000000211e-03 1.457481184544951611e+04
5.068300000000000409e-03 1.467559421294858839e+04
5.119199999999999966e-03 1.477640331558534854e+04
5.170600000000000022e-03 1.487742137110040130e+04
5.222599999999999985e-03 1.497882443681396398e+04
5.275099999999999581e-03 1.508039706643848695e+04
5.328099999999999677e-03 1.518212073707821946e+04
5.381699999999999678e-03 1.528416608819090288e+04
5.435800000000000180e-03 1.538632142675833165e+04
5.490400000000000315e-03 1.548856789805047083e+04
5.545600000000000356e-03 1.559107168969207851e+04
5.601300000000000029e-03 1.569362607086051685e+04
5.657599999999999608e-03 1.579639417405373388e+04
5.714399999999999688e-03 1.589917253490374242e+04
5.771899999999999947e-03 1.600229978977762585e+04
5.829899999999999839e-03 1.610539405298570091e+04
5.888499999999999637e-03 1.620861237687797257e+04
5.947700000000000209e-03 1.631193173717306490e+04
6.007400000000000413e-03 1.641515710160221352e+04
6.067799999999999930e-03 1.651861145185838905e+04
6.128800000000000220e-03 1.662209832910477417e+04
6.190400000000000416e-03 1.672559507877762007e+04
6.252599999999999651e-03 1.682907916197409941e+04
6.315399999999999660e-03 1.693252818592870972e+04
6.378899999999999848e-03 1.703608219638981973e+04
6.442999999999999942e-03 1.713955359304953527e+04
6.507800000000000216e-03 1.724307931417494183e+04
6.573200000000000397e-03 1.734647494365564853e+04
6.639199999999999616e-03 1.744971841925266563e+04
6.706000000000000155e-03 1.755309528801564738e+04
6.773399999999999734e-03 1.765626801614704164e+04
6.841400000000000085e-03 1.775921358700466226e+04
6.910200000000000023e-03 1.786220692903107556e+04
6.979599999999999867e-03 1.796492111175736864e+04
7.049800000000000164e-03 1.806762473397092617e+04
7.120600000000000367e-03 1.816999793612527719e+04
7.192200000000000155e-03 1.827230282288701710e+04
7.264500000000000124e-03 1.837436699899949599e+04
7.337500000000000272e-03 1.847616373680036486e+04
7.411199999999999732e-03 1.857766653962987039e+04
7.485699999999999646e-03 1.867898423583481053e+04
7.561000000000000013e-03 1.878008556794845936e+04
7.636900000000000285e-03 1.888265211899324277e+04
7.713700000000000417e-03 1.898251266238350945e+04
7.791199999999999862e-03 1.908199608000013177e+04
7.869499999999999759e-03 1.918120143065022057e+04
7.948600000000000110e-03 1.928009701660249630e+04
8.028499999999999179e-03 1.937865124704510526e+04
8.109200000000000436e-03 1.947683264531736495e+04
8.190700000000000411e-03 1.957460985578252439e+04
8.273000000000000839e-03 1.967195165034211095e+04
8.356099999999999986e-03 1.976882693459446091e+04
8.440100000000000727e-03 1.986531877256128064e+04
8.524999999999999592e-03 1.996139121624664040e+04
8.610599999999999504e-03 2.005678726979718704e+04
8.697200000000000417e-03 2.015180816548388611e+04
8.784600000000000047e-03 2.024619891930204540e+04
8.872899999999999537e-03 2.034003473004929401e+04
8.961999999999999481e-03 2.043317668957293790e+04
9.052100000000000424e-03 2.052579879317433733e+04
9.143099999999999491e-03 2.061776071182944725e+04
9.235000000000000153e-03 2.070902768853814268e+04
9.327800000000000674e-03 2.079956513811580589e+04
9.421499999999999320e-03 2.088933865226711350e+04
9.516200000000000700e-03 2.097840718064766770e+04
9.611899999999999611e-03 2.106673140046294066e+04
9.708500000000000116e-03 2.115418251428131043e+04
9.806000000000000480e-03 2.124072685624788573e+04
9.904599999999999516e-03 2.132650318418083407e+04
1.000400000000000074e-02 2.141121459257152310e+04
1.010499999999999940e-02 2.149549382656935268e+04
1.020599999999999979e-02 2.157797822991540306e+04
1.030900000000000045e-02 2.166026320749672232e+04
1.041199999999999938e-02 2.174071323077316629e+04
1.051700000000000031e-02 2.182085292838790701e+04
1.062300000000000050e-02 2.189985494635742361e+04
1.072999999999999995e-02 2.197768220856452535e+04
1.083699999999999941e-02 2.205359736490756768e+04
1.094599999999999913e-02 2.212898284955205236e+04
1.105599999999999986e-02 2.220308387094243517e+04
1.116699999999999984e-02 2.227586438853509753e+04
1.128000000000000010e-02 2.234791731114038703e+04
1.139300000000000035e-02 2.241793187293456504e+04
1.150699999999999987e-02 2.248651953586028685e+04
1.162299999999999965e-02 2.255422011268222195e+04
1.174000000000000044e-02 2.262038839483249103e+04
1.185800000000000048e-02 2.268499023207421851e+04
1.197699999999999980e-02 2.274799183350181920e+04
1.209700000000000011e-02 2.280935978271684507e+04
1.221900000000000069e-02 2.286954540026832183e+04
1.234200000000000054e-02 2.292799566199310721e+04
1.246599999999999965e-02 2.298467847938762498e+04
1.259099999999999976e-02 2.303956222424555745e+04
1.271800000000000014e-02 2.309302776067106970e+04
1.284599999999999978e-02 2.314459641097987333e+04
1.297500000000000042e-02 2.319423821677110391e+04
1.310500000000000033e-02 2.324192379439967044e+04
1.323700000000000050e-02 2.328796421082084998e+04
1.336999999999999994e-02 2.333195561921838089e+04
1.350400000000000038e-02 2.337387074762189877e+04
1.363999999999999935e-02 2.341396897585770785e+04
1.377699999999999932e-02 2.345190289633774591e+04
1.391500000000000029e-02 2.348764776953658657e+04
1.405499999999999979e-02 2.352141204107966405e+04
1.419699999999999955e-02 2.355311942781332982e+04
1.433899999999999932e-02 2.358230169464239953e+04
1.448299999999999935e-02 2.360934942021678216e+04
1.462899999999999964e-02 2.363419028038135730e+04
1.477599999999999920e-02 2.365660975319374847e+04
1.492399999999999977e-02 2.367659130055645073e+04
1.507400000000000059e-02 2.369422862199032534e+04
1.522599999999999995e-02 2.370945598834454722e+04
1.537900000000000031e-02 2.372213542412941024e+04
1.553299999999999993e-02 2.373225683675113396e+04
1.568999999999999909e-02 2.373989212096562187e+04
1.584699999999999998e-02 2.374486344798552818e+04
1.600700000000000039e-02 2.374723641826418680e+04
1.616700000000000081e-02 2.374693908972860299e+04
1.633000000000000076e-02 2.374394122091816826e+04
1.649400000000000172e-02 2.373823254217527574e+04
1.666000000000000120e-02 2.372975883731955037e+04
1.682700000000000168e-02 2.371855431940113340e+04
1.699600000000000069e-02 2.370453803205205622e+04
1.716700000000000170e-02 2.368767545975516259e+04
1.734000000000000125e-02 2.366793569441797808e+04
1.751399999999999832e-02 2.364542849363439746e+04
1.769000000000000086e-02 2.362002352842672553e+04
1.786799999999999847e-02 2.359170084739888989e+04
1.804700000000000054e-02 2.356062535278061114e+04
1.822899999999999868e-02 2.352643795656734073e+04
1.841200000000000128e-02 2.348950632735619001e+04
1.859699999999999895e-02 2.344964580038546774e+04
1.878399999999999861e-02 2.340685687308809429e+04
1.897300000000000028e-02 2.336114448837473537e+04
1.916299999999999948e-02 2.331277887286561236e+04
1.935600000000000168e-02 2.326126459208312735e+04
1.955000000000000140e-02 2.320715314635820323e+04
1.974700000000000066e-02 2.314990935205232381e+04
1.994500000000000092e-02 2.309014095645793350e+04
2.014600000000000071e-02 2.302727577036637012e+04
2.034800000000000150e-02 2.296197462993610316e+04
2.055299999999999835e-02 2.289363110442652032e+04
2.075899999999999967e-02 2.282295563339866931e+04
2.096800000000000053e-02 2.274931030288994589e+04
2.117899999999999991e-02 2.267308584601089387e+04
2.139200000000000129e-02 2.259433840756782593e+04
2.160700000000000121e-02 2.251312763929894936e+04
2.182399999999999965e-02 2.242951649555757103e+04
2.204300000000000009e-02 2.234357101379001688e+04
2.226500000000000007e-02 2.225495772471247255e+04
2.248800000000000104e-02 2.216454679546257830e+04
2.271400000000000155e-02 2.207160216870738805e+04
2.294300000000000159e-02 2.197618421607786877e+04
2.317299999999999915e-02 2.187920567279902025e+04
2.340599999999999972e-02 2.177990474185157655e+04
2.364099999999999882e-02 2.167878371001300548e+04
2.387900000000000092e-02 2.157549085427639511e+04
2.411900000000000155e-02 2.147054034818997025e+04
2.436100000000000071e-02 2.136401838053134634e+04
2.460599999999999940e-02 2.125556741475961462e+04
2.485300000000000009e-02 2.114571340802757186e+04
2.510300000000000031e-02 2.103409578169998713e+04
2.535600000000000007e-02 2.092079686251280145e+04
2.561000000000000082e-02 2.080679843945904940e+04
2.586799999999999863e-02 2.069083850299911865e+04
2.612799999999999845e-02 2.057389880032982910e+04
2.639000000000000026e-02 2.045606250405551691e+04
2.665599999999999914e-02 2.033651242316355638e+04
2.692299999999999902e-02 2.021667735707587781e+04
2.719399999999999942e-02 2.009529037803773826e+04
2.746699999999999836e-02 1.997332642802920964e+04
2.774300000000000030e-02 1.985041483993585643e+04
2.802199999999999830e-02 1.972663202761372304e+04
2.830399999999999930e-02 1.960205286487211561e+04
2.858799999999999883e-02 1.947718903998945825e+04
2.887599999999999889e-02 1.935123232630829443e+04
2.916600000000000095e-02 1.922512626154943428e+04
2.945899999999999908e-02 1.909849887604469404e+04
2.975500000000000020e-02 1.897141453306239782e+04
3.005400000000000085e-02 1.884393530586164343e+04
3.035600000000000104e-02 1.871612091158017574e+04
3.066100000000000075e-02 1.858802866297187575e+04
3.096900000000000000e-02 1.845971343710914880e+04
3.128100000000000325e-02 1.833081629235038417e+04
3.159499999999999809e-02 1.820221354488794896e+04
3.191200000000000286e-02 1.807353783486381872e+04
3.223299999999999776e-02 1.794443396229406790e+04
3.255700000000000260e-02 1.781535261435799475e+04
3.288399999999999657e-02 1.768633435424616619e+04
3.321500000000000147e-02 1.755702874737840830e+04
3.354900000000000243e-02 1.742786841872908553e+04
3.388599999999999945e-02 1.729888730698686413e+04
3.422599999999999948e-02 1.717011723779293607e+04
3.456999999999999656e-02 1.704121530235606406e+04
3.491799999999999765e-02 1.691222148065332294e+04
3.526900000000000174e-02 1.678353854055944612e+04
3.562300000000000189e-02 1.665519071307219565e+04
3.598099999999999909e-02 1.652684403661353645e+04
3.634300000000000030e-02 1.639853156934351500e+04
3.670799999999999758e-02 1.627063318584867557e+04
3.707699999999999885e-02 1.614282240476355764e+04
3.744999999999999718e-02 1.601512778832342156e+04
3.782599999999999851e-02 1.588791286299942658e+04
3.820599999999999691e-02 1.576085919790296248e+04
3.858999999999999930e-02 1.563399147675025597e+04
3.897799999999999876e-02 1.550733320600142179e+04
3.937000000000000222e-02 1.538090677674183098e+04
3.976500000000000173e-02 1.525505021361695435e+04
4.016499999999999931e-02 1.512914662765272988e+04
4.056900000000000089e-02 1.500353599892904822e+04
4.097599999999999854e-02 1.487854207442960069e+04
4.138800000000000118e-02 1.475356835804221373e+04
4.180400000000000088e-02 1.462894079716189663e+04
4.222399999999999765e-02 1.450467560229084302e+04
4.264899999999999941e-02 1.438049795301332233e+04
4.307699999999999724e-02 1.425700709648297379e+04
4.351000000000000006e-02 1.413364020765060741e+04
4.394800000000000095e-02 1.401042176195284810e+04
4.438899999999999790e-02 1.388792752422120611e+04
4.483499999999999985e-02 1.376561455074687365e+04
4.528599999999999987e-02 1.364350547425930563e+04
4.574099999999999694e-02 1.352188788867510448e+04
4.620099999999999901e-02 1.340051082343465896e+04
4.666499999999999815e-02 1.327965402008227466e+04
4.713400000000000228e-02 1.315907241554331085e+04
4.760799999999999754e-02 1.303878600052359252e+04
4.808599999999999680e-02 1.291906309178333140e+04
4.857000000000000206e-02 1.279942178297861756e+04
4.905799999999999744e-02 1.268037506827265315e+04
4.955099999999999782e-02 1.256169229495626496e+04
5.004900000000000321e-02 1.244339119464569558e+04
5.055199999999999971e-02 1.232548906838896801e+04
5.106000000000000122e-02 1.220800279640753433e+04
5.157300000000000079e-02 1.209094884667771839e+04
5.209099999999999842e-02 1.197434328243261734e+04
5.261500000000000205e-02 1.185798121136960799e+04
5.314399999999999680e-02 1.174210446160038009e+04
5.367799999999999655e-02 1.162672783171887204e+04
5.421700000000000130e-02 1.151186573681141454e+04
5.476199999999999818e-02 1.139732349599087138e+04
5.531200000000000006e-02 1.128332926304799912e+04
5.586800000000000099e-02 1.116969328143127495e+04
5.643000000000000099e-02 1.105643689755274136e+04
5.699699999999999905e-02 1.094377821607000988e+04
5.757000000000000312e-02 1.083153465140028857e+04
5.814799999999999830e-02 1.071991776940638556e+04
5.873300000000000048e-02 1.060856067983267167e+04
5.932300000000000073e-02 1.049786293493519588e+04
5.991900000000000004e-02 1.038765114170814741e+04
6.052099999999999841e-02 1.027794311210596607e+04
6.112999999999999684e-02 1.016857787052866661e+04
6.174400000000000027e-02 1.005993133009077610e+04
6.236499999999999683e-02 9.951665779059328997e+03
6.299100000000000532e-02 9.844145604578168786e+03
6.362400000000000000e-02 9.737042435379500603e+03
6.426400000000000168e-02 9.630378521563217873e+03
6.490999999999999548e-02 9.524338355499265163e+03
6.556199999999999528e-02 9.418935433626898885e+03
6.622100000000000208e-02 9.314024761795031736e+03
6.688700000000000201e-02 9.209626091675476346e+03
6.755899999999999406e-02 9.105911657123837358e+03
6.823799999999999311e-02 9.002741997739542057e+03
6.892399999999999916e-02 8.900134975295708500e+03
6.961599999999999733e-02 8.798253866676017424e+03
7.031600000000000350e-02 8.696820802371874379e+03
7.102300000000000280e-02 8.596000108955859105e+03
7.173599999999999421e-02 8.495946275438229350e+03
7.245699999999999363e-02 8.396393318653155802e+03
7.318500000000000005e-02 8.297496731134231595e+03
7.392100000000000060e-02 8.199137369945883620e+03
7.466399999999999426e-02 8.101464909989779699e+03
7.541399999999999493e-02 8.004491453537216330e+03
7.617200000000000359e-02 7.908102392733055240e+03
7.693800000000000638e-02 7.812314925950178804e+03
7.771100000000000230e-02 7.717267441843603592e+03
7.849200000000000621e-02 7.622849645340420466e+03
7.928100000000000425e-02 7.529076625472758678e+03
8.007799999999999641e-02 7.435962760595824875e+03
8.088299999999999657e-02 7.343521726550881795e+03
8.169500000000000373e-02 7.251878389254218746e+03
8.251600000000000601e-02 7.160819340052851658e+03
8.334600000000000342e-02 7.070362016468173351e+03
8.418299999999999395e-02 6.980735329135194661e+03
8.502899999999999348e-02 6.891735365297467069e+03
8.588400000000000201e-02 6.803377320866484297e+03
8.674700000000000466e-02 6.715776220138246572e+03
8.761900000000000244e-02 6.628841527197049800e+03
8.849999999999999534e-02 6.542586227158389192e+03
8.938899999999999624e-02 6.457117834382002911e+03
9.028700000000000614e-02 6.372349143909980739e+03
9.119499999999999829e-02 6.288199212618665115e+03
9.211099999999999843e-02 6.204863560654434878e+03
9.303699999999999470e-02 6.122169679691854071e+03
9.397199999999999998e-02 6.040218154726067951e+03
9.491600000000000037e-02 5.959017088815636271e+03
9.586999999999999689e-02 5.878490327846105174e+03
9.683400000000000341e-02 5.798649428992218418e+03
9.780700000000000505e-02 5.719585686418808109e+03
9.879000000000000281e-02 5.641225630962521791e+03
9.978299999999999670e-02 5.563578690448301131e+03
1.007900000000000046e-01 5.486349788660611011e+03
1.018000000000000016e-01 5.410383892459616618e+03
1.028199999999999947e-01 5.335146510680942811e+03
1.038599999999999940e-01 5.259928375285398943e+03
1.048999999999999932e-01 5.186182112695312753e+03
1.059500000000000025e-01 5.113183007330174405e+03
1.070200000000000040e-01 5.040261352328455359e+03
1.080900000000000055e-01 4.968784485301768655e+03
1.091799999999999993e-01 4.897419808175467551e+03
1.102800000000000030e-01 4.826844794360975357e+03
1.113900000000000029e-01 4.757061620765251973e+03
1.125000000000000028e-01 4.688681717159173786e+03
1.136400000000000049e-01 4.619876950997063432e+03
1.147799999999999931e-01 4.552477309626066017e+03
1.159300000000000053e-01 4.485873252366864108e+03
1.170999999999999958e-01 4.419503140446346151e+03
1.182700000000000001e-01 4.354500701989602931e+03
1.194599999999999967e-01 4.289753259436388362e+03
1.206600000000000034e-01 4.225820159643619263e+03
1.218800000000000022e-01 4.162182821457075079e+03
1.231000000000000011e-01 4.099881526321134515e+03
1.243400000000000061e-01 4.037891348472982372e+03
1.255900000000000072e-01 3.976724359457470655e+03
1.268499999999999905e-01 3.916376195081886635e+03
1.281200000000000117e-01 3.856842208049265082e+03
1.294099999999999973e-01 3.797663654742409562e+03
1.307099999999999929e-01 3.739308652577360135e+03
1.320300000000000085e-01 3.681336795735594933e+03
1.333499999999999963e-01 3.624620095022505666e+03
1.346900000000000042e-01 3.568292377433048841e+03
1.360500000000000043e-01 3.512374252215724482e+03
1.374100000000000044e-01 3.457680578909355518e+03
1.387899999999999967e-01 3.403399153527099770e+03
1.401900000000000091e-01 3.349548081114578508e+03
1.416000000000000036e-01 3.296516306928011545e+03
1.430200000000000082e-01 3.244294909983981597e+03
1.444600000000000051e-01 3.192519359182313565e+03
1.459100000000000119e-01 3.141551986021736411e+03
1.473800000000000110e-01 3.091043415290052963e+03
1.488599999999999923e-01 3.041338958667221050e+03
1.503500000000000114e-01 2.992428382144445095e+03
1.518700000000000050e-01 2.943667139991571275e+03
1.533899999999999986e-01 2.896018003034808316e+03
1.549300000000000122e-01 2.848842919320030887e+03
1.564899999999999902e-01 2.802151978777118075e+03
1.580600000000000060e-01 2.756243477226722462e+03
1.596499999999999864e-01 2.710823507588522261e+03
1.612599999999999867e-01 2.665900191997429829e+03
1.628799999999999970e-01 2.621750239765633978e+03
1.645099999999999896e-01 2.578361424742091458e+03
1.661700000000000121e-01 2.535207794629520777e+03
1.678399999999999892e-01 2.492815208831919335e+03
1.695200000000000040e-01 2.451170920593750907e+03
1.712299999999999933e-01 2.409783993458375789e+03
1.729499999999999926e-01 2.369142880603013964e+03
1.746900000000000119e-01 2.329006539491609146e+03
1.764400000000000135e-01 2.289600761344140665e+03
1.782199999999999895e-01 2.250478059359557392e+03
1.800100000000000033e-01 2.212080518631562427e+03
1.818200000000000094e-01 2.174187754209324794e+03
1.836399999999999977e-01 2.137003181245387623e+03
1.854899999999999882e-01 2.100119382263220359e+03
1.873499999999999888e-01 2.063936011594867523e+03
1.892399999999999916e-01 2.028064330919182112e+03
1.911400000000000043e-01 1.992884005598200474e+03
1.930600000000000094e-01 1.958202641076242116e+03
1.950000000000000067e-01 1.924019614876498508e+03
1.969599999999999962e-01 1.890333947422135452e+03
1.989400000000000057e-01 1.857144319492501154e+03
2.009400000000000075e-01 1.824449089317113703e+03
2.029600000000000015e-01 1.792246309291641182e+03
2.049999999999999878e-01 1.760533742302245173e+03
2.070599999999999941e-01 1.729308877646660676e+03
2.091399999999999926e-01 1.698568946542181038e+03
2.112400000000000111e-01 1.668310937212647104e+03
2.133599999999999941e-01 1.638531609548072083e+03
2.155100000000000071e-01 1.609092318805792047e+03
2.176700000000000024e-01 1.580263201752048644e+03
2.198599999999999999e-01 1.551773300647043925e+03
2.220699999999999896e-01 1.523753552577578148e+03
2.242999999999999994e-01 1.496199548327685079e+03
2.265600000000000114e-01 1.468987875516196254e+03
2.288300000000000056e-01 1.442354602186673219e+03
2.311300000000000021e-01 1.416060102564657427e+03
2.334600000000000009e-01 1.390108161087485996e+03
2.358000000000000096e-01 1.364716256722481148e+03
2.381699999999999928e-01 1.339661894503275107e+03
2.405700000000000061e-01 1.314947785420897162e+03
2.429800000000000015e-01 1.290774172096495022e+03
2.454300000000000093e-01 1.266838170076669485e+03
2.478899999999999992e-01 1.243430811262804127e+03
2.503799999999999915e-01 1.220355672406468329e+03
2.529000000000000137e-01 1.197613926679274300e+03
2.554400000000000004e-01 1.175293097681916151e+03
2.580100000000000171e-01 1.153302365745952329e+03
2.605999999999999983e-01 1.131724231068457811e+03
2.632200000000000095e-01 1.110472118146346929e+03
2.658699999999999952e-01 1.089545861125685633e+03
2.685400000000000009e-01 1.069020849627448342e+03
2.712399999999999811e-01 1.048816475356832143e+03
2.739599999999999813e-01 1.029003762246663655e+03
2.767200000000000215e-01 1.009435980512779793e+03
2.795000000000000262e-01 9.902537133489366852e+02
2.823100000000000054e-01 9.713837005187332352e+02
2.851500000000000146e-01 9.528243345122439223e+02
2.880099999999999882e-01 9.346365415588259111e+02
2.909100000000000019e-01 9.166911790334202124e+02
2.938299999999999801e-01 8.991099418727658303e+02
2.967799999999999883e-01 8.818279026120106892e+02
2.997600000000000264e-01 8.648427109761569227e+02
3.027799999999999936e-01 8.480971843727493251e+02
3.058199999999999807e-01 8.316995662541824004e+02
3.088899999999999979e-01 8.155908946494628253e+02
3.119999999999999996e-01 7.997179750570968508e+02
3.151300000000000212e-01 7.841798947634642900e+02
3.183000000000000274e-01 7.688742332456208715e+02
3.215000000000000080e-01 7.538480798524207103e+02
3.247300000000000186e-01 7.390981125574182897e+02
3.279900000000000038e-01 7.246209421965343154e+02
3.312899999999999734e-01 7.103705367509771804e+02
3.346199999999999730e-01 6.963883308872530051e+02
3.379800000000000026e-01 6.826706819757238236e+02
3.413800000000000168e-01 6.691747711837008410e+02
3.448100000000000054e-01 6.559382013326683136e+02
3.482799999999999785e-01 6.429201584204629398e+02
3.517799999999999816e-01 6.301558531415761308e+02
3.553100000000000147e-01 6.176413480108152498e+02
3.588799999999999768e-01 6.053387252830717671e+02
3.624899999999999789e-01 5.932468968348414364e+02
3.661300000000000110e-01 5.813967205682695294e+02
3.698100000000000276e-01 5.697529206535527919e+02
3.735299999999999732e-01 5.583140641573102130e+02
3.772800000000000042e-01 5.471080532011283140e+02
3.810799999999999743e-01 5.360734712644342608e+02
3.849099999999999744e-01 5.252666707508773243e+02
3.887700000000000045e-01 5.146834143384264735e+02
3.926799999999999735e-01 5.042669851502996607e+02
3.966299999999999826e-01 4.940432159776113394e+02
4.006100000000000216e-01 4.840348334310012319e+02
4.046399999999999997e-01 4.741894303881261408e+02
4.087100000000000177e-01 4.645303264148643052e+02
4.128100000000000103e-01 4.550779928958361893e+02
4.169599999999999973e-01 4.457840330945663254e+02
4.211500000000000243e-01 4.366694899764846696e+02
4.253899999999999904e-01 4.277111523455777160e+02
4.296599999999999864e-01 4.189488389867229330e+02
4.339799999999999769e-01 4.103390165481353051e+02
4.383400000000000074e-01 4.018999775871300812e+02
4.427499999999999769e-01 3.936106491731642336e+02
4.471999999999999864e-01 3.854880596214783282e+02
4.516899999999999804e-01 3.775295857355202997e+02
4.562300000000000244e-01 3.697156375176048755e+02
4.608200000000000074e-01 3.620450580835479286e+02
4.654499999999999749e-01 3.545325953714253728e+02
4.701199999999999823e-01 3.471755365252034835e+02
4.748499999999999943e-01 3.399410360055113642e+02
4.796199999999999908e-01 3.328582983347347408e+02
4.844399999999999817e-01 3.259103644255292807e+02
4.893100000000000227e-01 3.190957418842426705e+02
4.942300000000000026e-01 3.124128876315493244e+02
4.991999999999999771e-01 3.058602127547820828e+02
5.042100000000000470e-01 2.994486948574693770e+02
5.092799999999999550e-01 2.931510805103656594e+02
5.143999999999999684e-01 2.869786596326121071e+02
5.195699999999999763e-01 2.809297039598602623e+02
5.247899999999999787e-01 2.750024604789961700e+02
5.300599999999999756e-01 2.691951550399202233e+02
5.353900000000000325e-01 2.634954615787609669e+02
5.407699999999999729e-01 2.579127316857560572e+02
5.462099999999999733e-01 2.524352018650396587e+02
5.516999999999999682e-01 2.470715267606398129e+02
5.572399999999999576e-01 2.418198228654184732e+02
5.628400000000000070e-01 2.366691454560410079e+02
5.685000000000000053e-01 2.316184198008448902e+02
5.742099999999999982e-01 2.266750543730562981e+02
5.799800000000000511e-01 2.218288541637097069e+02
5.858100000000000529e-01 2.170786468924598580e+02
5.917000000000000037e-01 2.124232273796410482e+02
5.976500000000000146e-01 2.078613610410938008e+02
6.036500000000000199e-01 2.033991116626103803e+02
6.097200000000000397e-01 1.990203266007560217e+02
6.158500000000000085e-01 1.947312534272575419e+02
6.220400000000000373e-01 1.905305714535222137e+02
6.282900000000000151e-01 1.864169456398566354e+02
6.346000000000000529e-01 1.823890291487951458e+02
6.409799999999999942e-01 1.784393692756884207e+02
6.474199999999999955e-01 1.745730674999768155e+02
6.539300000000000113e-01 1.707830059085831351e+02
6.604999999999999760e-01 1.670738775336515687e+02
6.671399999999999553e-01 1.634388882979956179e+02
6.738399999999999945e-01 1.598823543258719155e+02
6.806200000000000028e-01 1.563927263330353128e+02
6.874599999999999600e-01 1.529793492128445678e+02
6.943599999999999772e-01 1.496407941990740653e+02
7.013399999999999634e-01 1.463664035316692491e+02
7.083899999999999642e-01 1.431600909438367353e+02
7.155099999999999794e-01 1.400208428009054558e+02
7.227000000000000091e-01 1.369476340777278551e+02
7.299700000000000077e-01 1.339353508983236338e+02
7.372999999999999554e-01 1.309912352959413226e+02
7.447099999999999831e-01 1.281061983413577536e+02
7.521999999999999797e-01 1.252795415637396843e+02
7.597599999999999909e-01 1.225141442594014904e+02
7.673900000000000166e-01 1.198089310563541403e+02
7.751000000000000112e-01 1.171594447369949563e+02
7.828899999999999748e-01 1.145649262284961480e+02
7.907600000000000184e-01 1.120246013302073749e+02
7.987100000000000311e-01 1.095376826717220098e+02
8.067400000000000126e-01 1.071033715688903527e+02
8.148499999999999632e-01 1.047208597804657018e+02
8.230300000000000393e-01 1.023921335434202149e+02
8.313099999999999934e-01 1.001079632631286813e+02
8.396599999999999620e-01 9.787592874144095845e+01
8.480999999999999650e-01 9.568984720419202006e+01
8.566200000000000481e-01 9.355159363761691793e+01
8.652300000000000546e-01 9.145793329726694765e+01
8.739299999999999846e-01 8.940824888868164066e+01
8.827099999999999946e-01 8.740415767058539132e+01
8.915800000000000392e-01 8.544263290162493263e+01
9.005400000000000071e-01 8.352303208871006746e+01
9.095900000000000096e-01 8.164470497496240853e+01
9.187400000000000011e-01 7.980501602957886575e+01
9.279699999999999616e-01 7.800732312209400732e+01
9.372899999999999565e-01 7.624891785403147537e+01
9.467100000000000515e-01 7.452733308537123946e+01
9.562300000000000244e-01 7.284206792611806236e+01
9.658400000000000318e-01 7.119429784416655593e+01
9.755500000000000282e-01 6.958170755637442539e+01
9.853499999999999481e-01 6.800535485506429723e+01
9.952499999999999680e-01 6.646302458624850829e+01
1.005300000000000082e+00 6.494675909912665190e+01
1.015400000000000080e+00 6.347110071323258751e+01
1.025600000000000067e+00 6.202784122322781002e+01
1.035900000000000043e+00 6.061643452361855111e+01
1.046300000000000008e+00 5.923633234724491103e+01
1.056799999999999962e+00 5.788698514139777274e+01
1.067399999999999904e+00 5.656784288808972860e+01
1.078100000000000058e+00 5.527835587061105826e+01
1.088999999999999968e+00 5.400649312842194405e+01
1.099900000000000100e+00 5.277503529676290839e+01
1.110999999999999988e+00 5.156081642431271916e+01
1.122100000000000097e+00 5.038516406985006313e+01
1.133399999999999963e+00 4.922633303573626051e+01
1.144800000000000040e+00 4.809452160772718088e+01
1.156300000000000106e+00 4.698916934014744129e+01
1.167899999999999938e+00 4.590972177799207543e+01
1.179699999999999971e+00 4.484676738543574714e+01
1.191500000000000004e+00 4.381777338369879971e+01
1.203500000000000014e+00 4.280474418637356138e+01
1.215600000000000014e+00 4.181598885956650236e+01
1.227800000000000002e+00 4.085096156361066733e+01
1.240199999999999969e+00 3.990159234985080872e+01
1.252599999999999936e+00 3.898265871841513786e+01
1.265200000000000102e+00 3.807880196104292025e+01
1.277900000000000036e+00 3.719702099621672176e+01
1.290799999999999947e+00 3.633018098967940546e+01
1.303700000000000081e+00 3.549120176208298716e+01
1.316799999999999971e+00 3.466655645057122115e+01
1.330100000000000060e+00 3.385590715558677033e+01
1.343499999999999917e+00 3.306588216776208355e+01
1.356999999999999984e+00 3.229563820622810510e+01
1.370600000000000041e+00 3.154467735037205500e+01
1.384400000000000075e+00 3.080726905940768745e+01
1.398300000000000098e+00 3.008850993742790436e+01
1.412300000000000111e+00 2.938792313740985662e+01
1.426500000000000101e+00 2.870028413924726962e+01
1.440900000000000070e+00 2.802557342316590905e+01
1.455300000000000038e+00 2.737270340355981446e+01
1.469999999999999973e+00 2.672783462050709957e+01
1.484699999999999909e+00 2.610387009835390160e+01
1.499700000000000033e+00 2.548783938612638167e+01
1.514699999999999935e+00 2.489182541090785250e+01
1.530000000000000027e+00 2.430363792242537357e+01
1.545299999999999896e+00 2.373458130339600558e+01
1.560899999999999954e+00 2.317324568553312147e+01
1.576600000000000001e+00 2.262674281439269919e+01
1.592400000000000038e+00 2.209466491759126683e+01
1.608400000000000052e+00 2.157339402588578992e+01
1.624600000000000044e+00 2.106283150524298620e+01
1.640900000000000025e+00 2.056589622300209541e+01
1.657399999999999984e+00 2.007928585434605040e+01
1.673999999999999932e+00 1.960569602491252894e+01
1.690900000000000070e+00 1.913932957687513081e+01
1.707899999999999974e+00 1.868559079334825768e+01
1.725000000000000089e+00 1.824409548309165885e+01
1.742399999999999949e+00 1.780957804601018069e+01
1.759900000000000020e+00 1.738690838491660884e+01
1.777600000000000069e+00 1.697342603570962183e+01
1.795400000000000107e+00 1.657124141559272346e+01
1.813499999999999890e+00 1.617570141156663510e+01
1.831700000000000106e+00 1.579105210755473010e+01
1.850100000000000078e+00 1.541495497780720392e+01
1.868700000000000028e+00 1.504727136465131032e+01
1.887499999999999956e+00 1.468787297085238031e+01
1.906400000000000095e+00 1.433845222546195330e+01
1.925599999999999978e+00 1.399516833010949313e+01
1.945000000000000062e+00 1.365977005104297248e+01
1.964499999999999913e+00 1.333376957774292926e+01
1.984299999999999953e+00 1.301367699670481137e+01
2.004199999999999982e+00 1.270259746864023853e+01
2.024300000000000210e+00 1.239875694350648416e+01
2.044700000000000184e+00 1.210057514528346267e+01
2.065199999999999925e+00 1.181084774060684950e+01
2.085999999999999854e+00 1.152661253797233520e+01
2.107000000000000206e+00 1.124916076724975511e+01
2.128099999999999881e+00 1.097961925622669810e+01
2.149500000000000188e+00 1.071529772626911026e+01
2.171100000000000030e+00 1.045735305617656508e+01
2.192899999999999849e+00 1.020565894436420074e+01
2.214999999999999858e+00 9.958983249627308965e+00
2.237200000000000077e+00 9.719420277110280892e+00
2.259700000000000042e+00 9.484686453869512590e+00
2.282399999999999984e+00 9.255744182293593525e+00
2.305400000000000116e+00 9.031500510291241568e+00
2.328500000000000014e+00 8.813782736897476155e+00
2.351900000000000102e+00 8.600572854720233806e+00
2.375599999999999934e+00 8.391833215979318084e+00
2.399500000000000188e+00 8.188367668973778990e+00
2.423599999999999977e+00 7.990044952250594079e+00
2.447900000000000187e+00 7.796739863285075955e+00
2.472500000000000142e+00 7.607579340088756581e+00
2.497399999999999842e+00 7.422514318803757227e+00
2.522499999999999964e+00 7.242204749370261041e+00
2.547800000000000065e+00 7.066534545052873817e+00
2.573399999999999910e+00 6.894721121596647073e+00
2.599299999999999944e+00 6.726717193923704485e+00
2.625399999999999956e+00 6.563091300806079609e+00
2.651800000000000157e+00 6.403128126771454376e+00
2.678500000000000103e+00 6.246778198764894263e+00
2.705400000000000027e+00 6.094546438942128219e+00
2.732600000000000140e+00 5.945779591783741935e+00
2.759999999999999787e+00 5.800946692852792630e+00
2.787799999999999834e+00 5.658937380324950084e+00
2.815799999999999859e+00 5.520714565568884957e+00
2.844100000000000072e+00 5.385707763792629166e+00
2.872700000000000031e+00 5.253862099306521038e+00
2.901499999999999968e+00 5.125556049352951504e+00
2.930699999999999861e+00 4.999846896658638684e+00
2.960199999999999942e+00 4.877131160116382702e+00
2.989900000000000002e+00 4.757744509182948889e+00
3.020000000000000018e+00 4.640830778943098700e+00
3.050300000000000011e+00 4.527110351177835668e+00
3.080999999999999961e+00 4.415774400280580103e+00
3.111899999999999888e+00 4.307496721928272265e+00
3.143200000000000216e+00 4.201519443855687541e+00
3.174799999999999844e+00 4.098142112126396341e+00
3.206700000000000106e+00 3.997312927355233914e+00
3.238900000000000112e+00 3.898975326110288631e+00
3.271500000000000075e+00 3.802784470669765327e+00
3.304399999999999782e+00 3.708999293428428157e+00
3.337600000000000122e+00 3.617563600757369713e+00
3.371100000000000207e+00 3.528424103971826042e+00
3.404999999999999805e+00 3.441277886035336131e+00
3.439200000000000035e+00 3.356340513869446873e+00
3.473800000000000221e+00 3.273324781967038799e+00
3.508700000000000152e+00 3.192433179801899001e+00
3.544000000000000039e+00 3.113392050469359518e+00
3.579600000000000115e+00 3.036387228750276446e+00
3.615499999999999936e+00 2.961369895487634185e+00
3.651899999999999924e+00 2.887891665920628181e+00
3.688600000000000101e+00 2.816329493097545544e+00
3.725699999999999790e+00 2.746450375712316649e+00
3.763100000000000112e+00 2.678402086572853502e+00
3.800899999999999945e+00 2.611966248913283550e+00
3.839100000000000179e+00 2.547114556460100765e+00
3.877699999999999925e+00 2.483816141923304688e+00
3.916700000000000070e+00 2.422043860072294663e+00
3.955999999999999961e+00 2.361918986804795839e+00
3.995800000000000018e+00 2.303104920405243394e+00
4.035999999999999588e+00 2.245730140261815944e+00
4.076500000000000234e+00 2.189900771216976239e+00
4.117499999999999716e+00 2.135311044126479096e+00
4.158900000000000041e+00 2.082074273651187468e+00
4.200700000000000323e+00 2.030161253163165647e+00
4.242899999999999672e+00 1.979542692076668775e+00
4.285499999999999865e+00 1.930192106107003314e+00
4.328599999999999781e+00 1.881970820647377973e+00
4.372099999999999653e+00 1.834968178115231829e+00
4.416000000000000369e+00 1.789157984756918340e+00
4.460399999999999920e+00 1.744412887660133027e+00
4.505200000000000315e+00 1.700811560059407368e+00
4.550500000000000433e+00 1.658235962451007239e+00
4.596300000000000274e+00 1.616667972132012521e+00
