# mean	std
8.386274218750000000e+04 3.458700000000000000e+04
7.556589843750000000e+04 3.091407226562500000e+04
6.660742187500000000e+04 2.698714062500000000e+04
5.858994140625000000e+04 2.350512109375000000e+04
5.197332421875000000e+04 2.065724218750000000e+04
4.693675000000000000e+04 1.850994726562500000e+04
4.313608593750000000e+04 1.690128515625000000e+04
4.015702343750000000e+04 1.565145019531250000e+04
3.758558984375000000e+04 1.458206347656250000e+04
3.511476171875000000e+04 1.356855761718750000e+04
3.259736914062500000e+04 1.255345703125000000e+04
3.002911718750000000e+04 1.153742968750000000e+04
2.749557226562500000e+04 1.055301171875000000e+04
2.513205273437500000e+04 9.650460937500000000e+03
2.302101171875000000e+04 8.855349609375000000e+03
2.122947070312500000e+04 8.185759277343750000e+03
1.975282421875000000e+04 7.634718261718750000e+03
1.856055859375000000e+04 7.185870117187500000e+03
1.758340820312500000e+04 6.812277832031250000e+03
1.674129101562500000e+04 6.486076660156250000e+03
1.597089257812500000e+04 6.186922851562500000e+03
1.522697265625000000e+04 5.901174316406250000e+03
1.449207714843750000e+04 5.626224609375000000e+03
1.375914648437500000e+04 5.359977050781250000e+03
1.304517871093750000e+04 5.106318359375000000e+03
1.236649707031250000e+04 4.869617675781250000e+03
1.173654296875000000e+04 4.651155761718750000e+03
1.116593847656250000e+04 4.451907226562500000e+03
1.065431347656250000e+04 4.269873535156250000e+03
1.019782128906250000e+04 4.103427734375000000e+03
9.784764648437500000e+03 3.949182128906250000e+03
9.402038085937500000e+03 3.803894775390625000e+03
9.043594726562500000e+03 3.667085449218750000e+03
8.703675781250000000e+03 3.538104980468750000e+03
8.378491210937500000e+03 3.416399658203125000e+03
8.067154785156250000e+03 3.302549804687500000e+03
7.768753417968750000e+03 3.196023681640625000e+03
7.487267089843750000e+03 3.097517578125000000e+03
7.221874023437500000e+03 3.006035156250000000e+03
6.971781738281250000e+03 2.920280273437500000e+03
6.736420410156250000e+03 2.839554443359375000e+03
6.512762207031250000e+03 2.762422607421875000e+03
6.300540527343750000e+03 2.689017089843750000e+03
6.098444824218750000e+03 2.619394287109375000e+03
5.905232421875000000e+03 2.553237060546875000e+03
5.721341796875000000e+03 2.490802734375000000e+03
5.546604492187500000e+03 2.432535156250000000e+03
5.382230468750000000e+03 2.379655273437500000e+03
5.227305175781250000e+03 2.331875732421875000e+03
5.081213378906250000e+03 2.288560791015625000e+03
4.944427734375000000e+03 2.250177490234375000e+03
4.815678222656250000e+03 2.216527587890625000e+03
4.693490722656250000e+03 2.186052978515625000e+03
4.577157714843750000e+03 2.158719238281250000e+03
4.465864746093750000e+03 2.134530761718750000e+03
4.358603515625000000e+03 2.112000488281250000e+03
4.255765136718750000e+03 2.092266845703125000e+03
4.157131835937500000e+03 2.075135742187500000e+03
4.062980712890625000e+03 2.060367431640625000e+03
3.974589843750000000e+03 2.049978027343750000e+03
3.891559326171875000e+03 2.042786376953125000e+03
3.814913818359375000e+03 2.040516601562500000e+03
3.744036376953125000e+03 2.042454711914062500e+03
3.678695556640625000e+03 2.048842041015625000e+03
3.618668945312500000e+03 2.059923095703125000e+03
3.562440917968750000e+03 2.074030517578125000e+03
3.510030517578125000e+03 2.092222412109375000e+03
3.459883544921875000e+03 2.112138671875000000e+03
3.412998779296875000e+03 2.135907714843750000e+03
3.368048339843750000e+03 2.161321777343750000e+03
3.326336669921875000e+03 2.190818603515625000e+03
3.286904296875000000e+03 2.222364501953125000e+03
3.251541748046875000e+03 2.258855712890625000e+03
3.219491699218750000e+03 2.298447265625000000e+03
3.192314453125000000e+03 2.344087402343750000e+03
3.168702880859375000e+03 2.393548339843750000e+03
3.306033984375000000e+04 1.248201953125000000e+04
3.052841796875000000e+04 1.139440820312500000e+04
2.725160742187500000e+04 1.006816503906250000e+04
2.404575195312500000e+04 8.813846679687500000e+03
2.120792578125000000e+04 7.726488769531250000e+03
1.887045703125000000e+04 6.839274902343750000e+03
1.694894921875000000e+04 6.107798339843750000e+03
1.532022558593750000e+04 5.489541503906250000e+03
1.388258691406250000e+04 4.951887695312500000e+03
1.256984765625000000e+04 4.481703613281250000e+03
1.136890234375000000e+04 4.081401855468750000e+03
1.028905371093750000e+04 3.754960205078125000e+03
9.342305664062500000e+03 3.494966308593750000e+03
8.533717773437500000e+03 3.292857177734375000e+03
7.837156250000000000e+03 3.127292968750000000e+03
7.228669921875000000e+03 2.978672119140625000e+03
6.675484375000000000e+03 2.831670898437500000e+03
6.151739746093750000e+03 2.676575683593750000e+03
5.648155761718750000e+03 2.513901123046875000e+03
5.168687988281250000e+03 2.354997314453125000e+03
4.722198242187500000e+03 2.209407714843750000e+03
4.322217773437500000e+03 2.083870605468750000e+03
3.989411865234375000e+03 1.987442016601562500e+03
3.723565429687500000e+03 1.917641235351562500e+03
3.514202392578125000e+03 1.866595825195312500e+03
3.346962158203125000e+03 1.830367553710937500e+03
3.200831542968750000e+03 1.799557373046875000e+03
3.056148681640625000e+03 1.765544799804687500e+03
2.897932128906250000e+03 1.724205932617187500e+03
2.722744873046875000e+03 1.675801269531250000e+03
2.533751953125000000e+03 1.622875122070312500e+03
2.338951660156250000e+03 1.569161376953125000e+03
2.149631103515625000e+03 1.518753906250000000e+03
1.974629272460937500e+03 1.474523681640625000e+03
1.821306762695312500e+03 1.438304321289062500e+03
1.694796997070312500e+03 1.411111572265625000e+03
1.592487548828125000e+03 1.392204101562500000e+03
1.509368530273437500e+03 1.380138061523437500e+03
1.438109497070312500e+03 1.372822021484375000e+03
1.371379028320312500e+03 1.367992065429687500e+03
1.304123779296875000e+03 1.363868896484375000e+03
1.232713623046875000e+03 1.359780273437500000e+03
1.157431030273437500e+03 1.356583251953125000e+03
1.080527221679687500e+03 1.355891601562500000e+03
1.004049560546875000e+03 1.357964965820312500e+03
9.311569824218750000e+02 1.362434936523437500e+03
8.652042846679687500e+02 1.371029174804687500e+03
8.099240722656250000e+02 1.387436767578125000e+03
7.660709228515625000e+02 1.411900390625000000e+03
7.323941040039062500e+02 1.441980834960937500e+03
7.083881835937500000e+02 1.480063354492187500e+03
6.924146728515625000e+02 1.527894897460937500e+03
6.802945556640625000e+02 1.580097167968750000e+03
6.709271240234375000e+02 1.638132568359375000e+03
6.634617309570312500e+02 1.703034545898437500e+03
6.552332763671875000e+02 1.768660888671875000e+03
6.485915527343750000e+02 1.840204711914062500e+03
6.437368164062500000e+02 1.916566894531250000e+03
6.409827880859375000e+02 1.996104003906250000e+03
6.445219116210937500e+02 2.086733398437500000e+03
6.530593261718750000e+02 2.182679199218750000e+03
6.695455322265625000e+02 2.290734130859375000e+03
6.926683959960937500e+02 2.407693359375000000e+03
7.226196899414062500e+02 2.534350341796875000e+03
7.591957397460937500e+02 2.671886718750000000e+03
7.993479003906250000e+02 2.814815673828125000e+03
8.437081909179687500e+02 2.967442871093750000e+03
8.883337402343750000e+02 3.120962402343750000e+03
9.359613647460937500e+02 3.282913574218750000e+03
9.837253417968750000e+02 3.445241699218750000e+03
1.035059570312500000e+03 3.616713623046875000e+03
1.087733154296875000e+03 3.790105468750000000e+03
1.145967895507812500e+03 3.975192138671875000e+03
1.207831298828125000e+03 4.165162109375000000e+03
1.277125122070312500e+03 4.369300292968750000e+03
1.350934204101562500e+03 4.580039550781250000e+03
1.945424926757812500e+03 8.111578369140625000e+02
1.865608764648437500e+03 7.433817138671875000e+02
1.740289306640625000e+03 6.606868896484375000e+02
1.615253784179687500e+03 5.859408569335937500e+02
1.502183837890625000e+03 5.237431640625000000e+02
1.394702026367187500e+03 4.708823242187500000e+02
1.289486328125000000e+03 4.233057556152343750e+02
1.186959594726562500e+03 3.822472534179687500e+02
1.085637573242187500e+03 3.483101806640625000e+02
9.896699218750000000e+02 3.257921142578125000e+02
9.040609741210937500e+02 3.164357910156250000e+02
8.377902221679687500e+02 3.208393554687500000e+02
7.937088623046875000e+02 3.336222839355468750e+02
7.709251708984375000e+02 3.514368591308593750e+02
7.634618530273437500e+02 3.712412109375000000e+02
7.638299560546875000e+02 3.905830078125000000e+02
7.666251831054687500e+02 4.084338378906250000e+02
7.689697265625000000e+02 4.250700988769531250e+02
7.672202758789062500e+02 4.396956787109375000e+02
7.610235595703125000e+02 4.531719360351562500e+02
7.523932495117187500e+02 4.657784423828125000e+02
7.435136108398437500e+02 4.769502563476562500e+02
7.357518310546875000e+02 4.866975097656250000e+02
7.290920410156250000e+02 4.943474121093750000e+02
7.237798461914062500e+02 4.994627990722656250e+02
7.199170532226562500e+02 5.034016113281250000e+02
7.165150146484375000e+02 5.062442626953125000e+02
7.131569213867187500e+02 5.084473876953125000e+02
7.101938476562500000e+02 5.112078247070312500e+02
7.078178100585937500e+02 5.153058471679687500e+02
7.059521484375000000e+02 5.208214111328125000e+02
7.046043090820312500e+02 5.276185302734375000e+02
7.036771850585937500e+02 5.352951049804687500e+02
7.032136840820312500e+02 5.435271606445312500e+02
7.031155395507812500e+02 5.519801025390625000e+02
7.031694335937500000e+02 5.604465942382812500e+02
7.032198486328125000e+02 5.691213989257812500e+02
7.032694091796875000e+02 5.782514648437500000e+02
7.032618408203125000e+02 5.880510864257812500e+02
7.034722290039062500e+02 5.987001342773437500e+02
7.044566650390625000e+02 6.105580444335937500e+02
7.067920532226562500e+02 6.243469238281250000e+02
7.108407592773437500e+02 6.405883789062500000e+02
7.164519653320312500e+02 6.594355468750000000e+02
7.234660034179687500e+02 6.806555175781250000e+02
7.317545776367187500e+02 7.037279663085937500e+02
7.412589721679687500e+02 7.287355346679687500e+02
7.518981933593750000e+02 7.559895629882812500e+02
7.633096923828125000e+02 7.852587280273437500e+02
7.749810791015625000e+02 8.158522949218750000e+02
7.872841186523437500e+02 8.483112792968750000e+02
8.006009521484375000e+02 8.831819458007812500e+02
8.146553344726562500e+02 9.195364379882812500e+02
8.296383666992187500e+02 9.578070068359375000e+02
8.456589355468750000e+02 9.983244018554687500e+02
8.623828125000000000e+02 1.040033691406250000e+03
8.801665649414062500e+02 1.083864013671875000e+03
8.989205322265625000e+02 1.129500732421875000e+03
9.184805908203125000e+02 1.176636962890625000e+03
9.392064819335937500e+02 1.226481445312500000e+03
9.606182250976562500e+02 1.277971557617187500e+03
9.830687866210937500e+02 1.332167968750000000e+03
1.006314880371093750e+03 1.388530761718750000e+03
1.030367553710937500e+03 1.447152099609375000e+03
1.055188232421875000e+03 1.508037475585937500e+03
1.080418090820312500e+03 1.570347290039062500e+03
1.106354248046875000e+03 1.634953247070312500e+03
1.132479248046875000e+03 1.700407836914062500e+03
1.159396484375000000e+03 1.768229492187500000e+03
1.186599853515625000e+03 1.836998657226562500e+03
1.214586181640625000e+03 1.908340454101562500e+03
1.243017089843750000e+03 1.980967407226562500e+03
1.272281982421875000e+03 2.056548828125000000e+03
1.302096435546875000e+03 2.133904052734375000e+03
1.332837036132812500e+03 2.214763916015625000e+03
1.364062500000000000e+03 2.297687744140625000e+03
