2.107699999999999895e-04 7.237907695505629480e+07
2.128900000000000031e-04 7.237846473201507330e+07
2.150200000000000115e-04 7.237784400840687752e+07
2.171899999999999992e-04 7.237720585328432918e+07
2.193700000000000088e-04 7.237655889946855605e+07
2.215700000000000080e-04 7.237590006908567250e+07
2.237999999999999918e-04 7.237522617522612214e+07
2.260499999999999923e-04 7.237454004617504776e+07
2.283200000000000095e-04 7.237384152828721702e+07
2.306200000000000112e-04 7.237312734794038534e+07
2.329300000000000077e-04 7.237240355986231565e+07
2.352699999999999887e-04 7.237166374095763266e+07
2.376400000000000083e-04 7.237090764821150899e+07
2.400299999999999905e-04 7.237013827003821731e+07
2.424399999999999895e-04 7.236935544676285982e+07
2.448800000000000000e-04 7.236855572572788596e+07
2.473399999999999731e-04 7.236774217877319455e+07
2.498199999999999900e-04 7.236691464341776073e+07
2.523299999999999914e-04 7.236606957465073466e+07
2.548699999999999772e-04 7.236520671766553819e+07
2.574300000000000069e-04 7.236432925847826898e+07
2.600200000000000211e-04 7.236343355706356466e+07
2.626300000000000249e-04 7.236252285811531544e+07
2.652700000000000132e-04 7.236159345740391314e+07
2.679399999999999859e-04 7.236064509162668884e+07
2.706300000000000025e-04 7.235968109508958459e+07
2.733500000000000036e-04 7.235869766525673866e+07
2.760999999999999891e-04 7.235769453385716677e+07
2.788700000000000185e-04 7.235667512720818818e+07
2.816699999999999781e-04 7.235563554249796271e+07
2.845100000000000255e-04 7.235457174443854392e+07
2.873600000000000134e-04 7.235349474507564306e+07
2.902499999999999807e-04 7.235239298099586368e+07
2.931699999999999866e-04 7.235126993618255854e+07
2.961199999999999770e-04 7.235012533063541353e+07
2.990900000000000112e-04 7.234896281405767798e+07
3.021000000000000248e-04 7.234777427501983941e+07
3.051299999999999737e-04 7.234656732637460530e+07
3.082000000000000104e-04 7.234533371524362266e+07
3.112999999999999773e-04 7.234407711947642267e+07
3.144299999999999829e-04 7.234279724953180552e+07
3.175899999999999730e-04 7.234149381439183652e+07
3.207800000000000018e-04 7.234016652159421146e+07
3.240000000000000150e-04 7.233881507726469636e+07
3.272600000000000075e-04 7.233743493429167569e+07
3.305499999999999845e-04 7.233602997415313125e+07
3.338700000000000001e-04 7.233459989823527634e+07
3.372299999999999950e-04 7.233314004315036535e+07
3.406199999999999744e-04 7.233165439589284360e+07
3.440399999999999925e-04 7.233014265345706046e+07
3.474999999999999899e-04 7.232860003414897621e+07
3.509900000000000259e-04 7.232703063325756788e+07
3.545199999999999870e-04 7.232542958883820474e+07
3.580799999999999868e-04 7.232380106966936588e+07
3.616800000000000201e-04 7.232214013265259564e+07
3.653099999999999837e-04 7.232045102132114768e+07
3.689799999999999807e-04 7.231872871054410934e+07
3.726900000000000113e-04 7.231697276680740714e+07
3.764400000000000211e-04 7.231518275420930982e+07
3.802200000000000154e-04 7.231336306890588999e+07
3.840399999999999890e-04 7.231150851816126704e+07
3.878999999999999961e-04 7.230961866018041968e+07
3.917999999999999825e-04 7.230769305102173984e+07
3.957400000000000024e-04 7.230573124466097355e+07
3.997200000000000015e-04 7.230373279305534065e+07
4.037299999999999852e-04 7.230170233091956377e+07
4.077899999999999971e-04 7.229962927967418730e+07
4.118899999999999883e-04 7.229751822785900533e+07
4.160300000000000131e-04 7.229536871999432147e+07
4.202100000000000171e-04 7.229318029890260100e+07
4.244300000000000004e-04 7.229095250577226281e+07
4.287000000000000120e-04 7.228867953508713841e+07
4.330100000000000030e-04 7.228636618135598302e+07
4.373599999999999732e-04 7.228401198049730062e+07
4.417499999999999769e-04 7.228161646706642210e+07
4.461900000000000089e-04 7.227917364991295338e+07
4.506800000000000151e-04 7.227668292455604672e+07
4.552100000000000005e-04 7.227414929957838356e+07
4.597800000000000194e-04 7.227157230334012210e+07
4.644000000000000124e-04 7.226894575488601625e+07
4.690699999999999796e-04 7.226626904077143967e+07
4.737799999999999802e-04 7.226354734710121155e+07
4.785500000000000040e-04 7.226076849880972505e+07
4.833600000000000071e-04 7.225794352723394334e+07
4.882099999999999895e-04 7.225507195314514637e+07
4.931199999999999950e-04 7.225214131137809157e+07
4.980800000000000288e-04 7.224915687282823026e+07
5.030800000000000419e-04 7.224612409958098829e+07
5.081400000000000240e-04 7.224303023128601909e+07
5.132399999999999853e-04 7.223988686595861614e+07
5.184000000000000240e-04 7.223668104419009387e+07
5.236099999999999826e-04 7.223341827053663135e+07
5.288800000000000185e-04 7.223009157186381519e+07
5.341900000000000337e-04 7.222671293609234691e+07
5.395600000000000179e-04 7.222326899923467636e+07
5.449800000000000304e-04 7.221976545910331607e+07
5.504600000000000118e-04 7.221619513430315256e+07
5.559900000000000215e-04 7.221256382124923170e+07
5.615800000000000002e-04 7.220886423304165900e+07
5.672200000000000072e-04 7.220510226635092497e+07
5.729199999999999831e-04 7.220127052817931771e+07
5.786800000000000364e-04 7.219736821594890952e+07
5.844999999999999502e-04 7.219339452531570196e+07
5.903700000000000007e-04 7.218935555761915445e+07
5.963099999999999607e-04 7.218523674439290166e+07
6.022999999999999491e-04 7.218105114550781250e+07
6.083500000000000149e-04 7.217679104464767873e+07
6.144699999999999902e-04 7.217244850903204083e+07
6.206399999999999938e-04 7.216803691876058280e+07
6.268800000000000153e-04 7.216354116165342927e+07
6.331800000000000058e-04 7.215896754758033156e+07
6.395399999999999653e-04 7.215431526329271495e+07
6.459700000000000511e-04 7.214957609716773033e+07
6.524599999999999974e-04 7.214475652216452360e+07
6.590199999999999617e-04 7.213984821396785975e+07
6.656400000000000034e-04 7.213485775622218847e+07
6.723299999999999546e-04 7.212977671158903837e+07
6.790900000000000322e-04 7.212460409594112635e+07
6.859099999999999702e-04 7.211934666190376878e+07
6.928099999999999753e-04 7.211398800682219863e+07
6.997699999999999493e-04 7.210854267795863748e+07
7.068000000000000498e-04 7.210300195305056870e+07
7.139100000000000003e-04 7.209735687872356176e+07
7.210800000000000282e-04 7.209162234958617389e+07
7.283300000000000147e-04 7.208578138553704321e+07
7.356500000000000192e-04 7.207984097154396772e+07
7.430400000000000416e-04 7.207380012488071620e+07
7.505100000000000226e-04 7.206764960073330998e+07
7.580500000000000215e-04 7.206139656306774914e+07
7.656699999999999791e-04 7.205503164997428656e+07
7.733700000000000036e-04 7.204855370394003391e+07
7.811400000000000461e-04 7.204197007149960101e+07
7.889900000000000472e-04 7.203527121476927400e+07
7.969200000000000068e-04 7.202845597997088730e+07
8.049300000000000335e-04 7.202152321484649181e+07
8.130200000000000187e-04 7.201447176892495155e+07
8.211899999999999625e-04 7.200730049378637969e+07
8.294399999999999733e-04 7.200000824332323670e+07
8.377799999999999917e-04 7.199258494229054451e+07
8.461999999999999687e-04 7.198503825764892995e+07
8.547000000000000127e-04 7.197736705126309395e+07
8.632899999999999558e-04 7.196956106991733611e+07
8.719700000000000150e-04 7.196161899463503063e+07
8.807300000000000328e-04 7.195354875324633718e+07
8.895799999999999498e-04 7.194533991479572654e+07
8.985199999999999828e-04 7.193699117026369274e+07
9.075500000000000234e-04 7.192850121437576413e+07
9.166699999999999631e-04 7.191986874592503905e+07
9.258899999999999596e-04 7.191108290715545416e+07
9.351900000000000230e-04 7.190216146393531561e+07
9.445900000000000346e-04 7.189308394304932654e+07
9.540899999999999945e-04 7.188384887004087865e+07
9.636700000000000214e-04 7.187447441043283045e+07
9.733600000000000455e-04 7.186492984046646953e+07
9.831399999999999688e-04 7.185523340152168274e+07
9.930200000000000572e-04 7.184537382357349992e+07
1.002999999999999985e-03 7.183534966037993133e+07
1.013100000000000068e-03 7.182513918844899535e+07
1.023299999999999991e-03 7.181476099754504859e+07
1.033499999999999914e-03 7.180431638667958975e+07
1.043899999999999949e-03 7.179359914304286242e+07
1.054400000000000042e-03 7.178270992644715309e+07
1.064999999999999974e-03 7.177164733491346240e+07
1.075699999999999963e-03 7.176040997525101900e+07
1.086500000000000009e-03 7.174899646339423954e+07
1.097499999999999951e-03 7.173729875270044804e+07
1.108499999999999893e-03 7.172552816268801689e+07
1.119599999999999892e-03 7.171357732604029775e+07
1.130900000000000004e-03 7.170133624077206850e+07
1.142199999999999899e-03 7.168902022872881591e+07
1.153699999999999908e-03 7.167640998600858450e+07
1.165299999999999973e-03 7.166361285972248018e+07
1.177000000000000095e-03 7.165062755119472742e+07
1.188899999999999896e-03 7.163734078860282898e+07
1.200799999999999914e-03 7.162397460448370874e+07
1.212900000000000046e-03 7.161030309828755260e+07
1.225100000000000017e-03 7.159643700958728790e+07
1.237400000000000045e-03 7.158237510620209575e+07
1.249799999999999913e-03 7.156811616982823610e+07
1.262399999999999894e-03 7.155354300405588746e+07
1.275099999999999931e-03 7.153876907752615213e+07
1.287900000000000026e-03 7.152379321883240342e+07
1.300799999999999960e-03 7.150861427165578306e+07
1.313900000000000007e-03 7.149311242829196155e+07
1.327099999999999894e-03 7.147740389787851274e+07
1.340400000000000055e-03 7.146148757574282587e+07
1.353899999999999895e-03 7.144524170173564553e+07
1.367500000000000009e-03 7.142878454475834966e+07
1.381300000000000019e-03 7.141199304561918974e+07
1.395100000000000029e-03 7.139510952785030007e+07
1.409199999999999993e-03 7.137776494965845346e+07
1.423299999999999956e-03 7.136032635329701006e+07
1.437600000000000032e-03 7.134254541562163830e+07
1.452100000000000005e-03 7.132441919312977791e+07
1.466700000000000035e-03 7.130607077110671997e+07
1.481399999999999904e-03 7.128749924663034081e+07
1.496300000000000104e-03 7.126857640785631537e+07
1.511299999999999926e-03 7.124942740163186193e+07
1.526500000000000079e-03 7.122992274270464480e+07
1.541899999999999911e-03 7.121005964068166912e+07
1.557400000000000017e-03 7.118996530356502533e+07
1.572999999999999962e-03 7.116963897185719013e+07
1.588800000000000021e-03 7.114894862938167155e+07
1.604799999999999977e-03 7.112789160282468796e+07
1.620899999999999988e-03 7.110659783588436246e+07
1.637199999999999897e-03 7.108493343755275011e+07
1.653699999999999918e-03 7.106289582955053449e+07
1.670299999999999997e-03 7.104061700146381557e+07
1.687099999999999971e-03 7.101796120461627841e+07
1.704000000000000003e-03 7.099506178406849504e+07
1.721199999999999987e-03 7.097164530115634203e+07
1.738500000000000028e-03 7.094798163422258198e+07
1.755899999999999909e-03 7.092407033341152966e+07
1.773599999999999960e-03 7.089963422669973969e+07
1.791400000000000067e-03 7.087494713385938108e+07
1.809400000000000071e-03 7.084986906072585285e+07
1.827599999999999971e-03 7.082439779357680678e+07
1.845999999999999985e-03 7.079853116030627489e+07
1.864500000000000055e-03 7.077240854605256021e+07
1.883200000000000022e-03 7.074588759063178301e+07
1.902199999999999941e-03 7.071882349439083040e+07
1.921299999999999918e-03 7.069149913819591701e+07
1.940600000000000007e-03 7.066377042806249857e+07
1.960100000000000210e-03 7.063563544918693602e+07
1.979799999999999876e-03 7.060709233297094703e+07
1.999700000000000089e-03 7.057813925763756037e+07
2.019799999999999981e-03 7.054877444881311059e+07
2.040099999999999986e-03 7.051899618007558584e+07
2.060600000000000105e-03 7.048880277346917987e+07
2.081299999999999904e-03 7.045819259998604655e+07
2.102199999999999815e-03 7.042716408001489937e+07
2.123400000000000114e-03 7.039556634827996790e+07
2.144699999999999818e-03 7.036369601947088540e+07
2.166299999999999910e-03 7.033125242263863981e+07
2.187999999999999841e-03 7.029853458610595763e+07
2.210000000000000159e-03 7.026523964658033848e+07
2.232200000000000156e-03 7.023151682954806089e+07
2.254700000000000107e-03 7.019721218258047104e+07
2.277299999999999897e-03 7.016262948165732622e+07
2.300200000000000074e-03 7.012746159172898531e+07
2.323299999999999931e-03 7.009186021829639375e+07
2.346700000000000175e-03 7.005566944699433446e+07
2.370300000000000098e-03 7.001904220696051419e+07
2.394100000000000134e-03 6.998197763650357723e+07
2.418099999999999850e-03 6.994447492739340663e+07
2.442399999999999953e-03 6.990637628142434359e+07
2.467000000000000009e-03 6.986767945001900196e+07
2.491800000000000178e-03 6.982854034210239351e+07
2.516800000000000027e-03 6.978895839845873415e+07
2.542099999999999829e-03 6.974877403297659755e+07
2.567700000000000017e-03 6.970798530718822777e+07
2.593499999999999885e-03 6.966675043863557279e+07
2.619499999999999867e-03 6.962506911946170032e+07
2.645900000000000075e-03 6.958261902708868682e+07
2.672499999999999962e-03 6.953972013490483165e+07
2.699299999999999963e-03 6.949637233361306787e+07
2.726399999999999917e-03 6.945241312555564940e+07
2.753799999999999824e-03 6.940784113777424395e+07
2.781500000000000118e-03 6.936265508592891693e+07
2.809499999999999931e-03 6.931685377478119731e+07
2.837699999999999858e-03 6.927060033757121861e+07
2.866200000000000171e-03 6.922373038853107393e+07
2.895000000000000004e-03 6.917624298414741457e+07
2.924099999999999790e-03 6.912813727073337138e+07
2.953499999999999962e-03 6.907941248458954692e+07
2.983200000000000088e-03 6.903006795209927857e+07
3.013200000000000166e-03 6.898010308976000547e+07
3.043500000000000198e-03 6.892951740415191650e+07
3.074100000000000183e-03 6.887831049184511602e+07
3.104899999999999848e-03 6.882664995910178125e+07
3.136200000000000012e-03 6.877403182239258289e+07
3.167699999999999856e-03 6.872095970667366683e+07
3.199500000000000087e-03 6.866726564651845396e+07
3.231700000000000111e-03 6.861278029880520701e+07
3.264099999999999814e-03 6.855784221852831542e+07
3.296900000000000178e-03 6.850211251690994203e+07
3.330099999999999900e-03 6.844559049441477656e+07
3.363600000000000010e-03 6.838844632307270169e+07
3.397400000000000073e-03 6.833068052645018697e+07
3.431500000000000088e-03 6.827229371388061345e+07
3.465999999999999897e-03 6.821311489463475347e+07
3.500800000000000092e-03 6.815331593427975476e+07
3.536000000000000081e-03 6.809272544076690078e+07
3.571500000000000022e-03 6.803151609019793570e+07
3.607400000000000190e-03 6.796951611599464715e+07
3.643700000000000151e-03 6.790672586278186738e+07
3.680300000000000064e-03 6.784331917368797958e+07
3.717300000000000205e-03 6.777912378157320619e+07
3.754700000000000138e-03 6.771414038359473646e+07
3.792400000000000024e-03 6.764854391550451517e+07
3.830500000000000137e-03 6.758216166987290978e+07
3.869000000000000043e-03 6.751499468895478547e+07
3.907899999999999742e-03 6.744704413572841883e+07
3.947199999999999667e-03 6.737831129293023050e+07
3.986800000000000413e-03 6.730897275894635916e+07
4.026899999999999924e-03 6.723867985193057358e+07
4.067399999999999662e-03 6.716760920323100686e+07
4.108299999999999626e-03 6.709576256325242668e+07
4.149500000000000410e-03 6.702331771683119237e+07
4.191199999999999960e-03 6.694992495989091694e+07
4.233400000000000010e-03 6.687558589668319374e+07
4.275900000000000013e-03 6.680065504792275280e+07
4.318899999999999649e-03 6.672478211968691647e+07
4.362300000000000379e-03 6.664814578089130670e+07
4.406099999999999600e-03 6.657074857006486505e+07
4.450400000000000189e-03 6.649241625035429746e+07
4.495100000000000137e-03 6.641332823265889287e+07
4.540299999999999718e-03 6.633331030355660617e+07
4.585999999999999799e-03 6.625236516071052104e+07
4.631999999999999833e-03 6.617085013694655895e+07
4.678599999999999773e-03 6.608823669281851500e+07
4.725599999999999939e-03 6.600488247265097499e+07
4.773099999999999739e-03 6.592061344152178615e+07
4.821100000000000038e-03 6.583543294509146363e+07
4.869499999999999697e-03 6.574952198214022815e+07
4.918500000000000129e-03 6.566252915023134649e+07
4.967899999999999920e-03 6.557481324015073478e+07
5.017800000000000211e-03 6.548620056745985150e+07
5.068300000000000409e-03 6.539651749809509516e+07
5.119199999999999966e-03 6.530612329704009742e+07
5.170600000000000022e-03 6.521484457174449414e+07
5.222599999999999985e-03 6.512250806988841295e+07
5.275099999999999581e-03 6.502929582401491702e+07
5.328099999999999677e-03 6.493521238420341164e+07
5.381699999999999678e-03 6.484008495044139028e+07
5.435800000000000180e-03 6.474409583503511548e+07
5.490400000000000315e-03 6.464724991476611048e+07
5.545600000000000356e-03 6.454937488501457870e+07
5.601300000000000029e-03 6.445065323380120844e+07
5.657599999999999608e-03 6.435091301725748926e+07
5.714399999999999688e-03 6.425033679002071917e+07
5.771899999999999947e-03 6.414857606095565110e+07
5.829899999999999839e-03 6.404599054360187799e+07
5.888499999999999637e-03 6.394240908874104917e+07
5.947700000000000209e-03 6.383783768598233908e+07
6.007400000000000413e-03 6.373245888284756243e+07
6.067799999999999930e-03 6.362592585000863671e+07
6.128800000000000220e-03 6.351842147241420299e+07
6.190400000000000416e-03 6.340995215239180624e+07
6.252599999999999651e-03 6.330052438375153393e+07
6.315399999999999660e-03 6.319014474697449803e+07
6.378899999999999848e-03 6.307864440180594474e+07
6.442999999999999942e-03 6.296620595709110051e+07
6.507800000000000216e-03 6.285266111775929481e+07
6.573200000000000397e-03 6.273819230672790110e+07
6.639199999999999616e-03 6.262280650537949800e+07
6.706000000000000155e-03 6.250616172807941586e+07
6.773399999999999734e-03 6.238861496268104017e+07
6.841400000000000085e-03 6.227017338266892731e+07
6.910200000000000023e-03 6.215049653666672856e+07
6.979599999999999867e-03 6.202994029433453083e+07
7.049800000000000164e-03 6.190816527908967435e+07
7.120600000000000367e-03 6.178552652909296751e+07
7.192200000000000155e-03 6.166168577053653449e+07
7.264500000000000124e-03 6.153682456547421217e+07
7.337500000000000272e-03 6.141095117210848629e+07
7.411199999999999732e-03 6.128407388316162676e+07
7.485699999999999646e-03 6.115602928980886936e+07
7.561000000000000013e-03 6.102682660595881194e+07
7.636900000000000285e-03 6.089681737779085338e+07
7.713700000000000417e-03 6.076549657767505199e+07
7.791199999999999862e-03 6.063321549594569951e+07
7.869499999999999759e-03 6.049981232105618715e+07
7.948600000000000110e-03 6.036529640121506900e+07
8.028499999999999179e-03 6.022967709470599145e+07
8.109200000000000436e-03 6.009296376175520569e+07
8.190700000000000411e-03 5.995516575642397255e+07
8.273000000000000839e-03 5.981629241854003817e+07
8.356099999999999986e-03 5.967635306568314880e+07
8.440100000000000727e-03 5.953518910720591992e+07
8.524999999999999592e-03 5.939281085182737559e+07
8.610599999999999504e-03 5.924956292163114995e+07
8.697200000000000417e-03 5.910495298963677138e+07
8.784600000000000047e-03 5.895932522792052478e+07
8.872899999999999537e-03 5.881252261892952770e+07
8.961999999999999481e-03 5.866472095259273797e+07
9.052100000000000424e-03 5.851559848891508579e+07
9.143099999999999491e-03 5.836533125412531197e+07
9.235000000000000153e-03 5.821392912317886949e+07
9.327800000000000674e-03 5.806140188118211925e+07
9.421499999999999320e-03 5.790775921539273113e+07
9.516200000000000700e-03 5.775284732185669243e+07
9.611899999999999611e-03 5.759667685491961986e+07
9.708500000000000116e-03 5.743942095545587689e+07
9.806000000000000480e-03 5.728108885773431510e+07
9.904599999999999516e-03 5.712136608173224330e+07
1.000400000000000074e-02 5.696074816768889129e+07
1.010499999999999940e-02 5.679795488888438791e+07
1.020599999999999979e-02 5.663557260748506337e+07
1.030900000000000045e-02 5.647039558081897348e+07
1.041199999999999938e-02 5.630564071763081104e+07
1.051700000000000031e-02 5.613811832713753730e+07
1.062300000000000050e-02 5.596943931909060478e+07
1.072999999999999995e-02 5.579961280667150021e+07
1.083699999999999941e-02 5.563022868444664031e+07
1.094599999999999913e-02 5.545812965144107491e+07
1.105599999999999986e-02 5.528490941120481491e+07
1.116699999999999984e-02 5.511057638245537877e+07
1.128000000000000010e-02 5.493357449892175943e+07
1.139300000000000035e-02 5.475704461521739513e+07
1.150699999999999987e-02 5.457942616512635350e+07
1.162299999999999965e-02 5.439917507223355025e+07
1.174000000000000044e-02 5.421785905620140582e+07
1.185800000000000048e-02 5.403548552745245397e+07
1.197699999999999980e-02 5.385206175058174878e+07
1.209700000000000011e-02 5.366759485449650884e+07
1.221900000000000069e-02 5.348056084230795503e+07
1.234200000000000054e-02 5.329250589066667855e+07
1.246599999999999965e-02 5.310343675865165144e+07
1.259099999999999976e-02 5.291336012302521616e+07
1.271800000000000014e-02 5.272076817943855375e+07
1.284599999999999978e-02 5.252719015404418111e+07
1.297500000000000042e-02 5.233263255061990023e+07
1.310500000000000033e-02 5.213710187321049720e+07
1.323700000000000050e-02 5.193910673266583681e+07
1.336999999999999994e-02 5.174015982880002260e+07
1.350400000000000038e-02 5.154026778786008805e+07
1.363999999999999935e-02 5.133795177508424968e+07
1.377699999999999932e-02 5.113471244822280109e+07
1.391500000000000029e-02 5.093055684644351900e+07
1.405499999999999979e-02 5.072401900504366308e+07
1.419699999999999955e-02 5.051511881465034187e+07
1.433899999999999932e-02 5.030680633528070152e+07
1.448299999999999935e-02 5.009615572524659336e+07
1.462899999999999964e-02 4.988318797612389922e+07
1.477599999999999920e-02 4.966937701086639613e+07
1.492399999999999977e-02 4.945473229547064751e+07
1.507400000000000059e-02 4.923781984815920144e+07
1.522599999999999995e-02 4.901866300697665662e+07
1.537900000000000031e-02 4.879872129280342907e+07
1.553299999999999993e-02 4.857800669936458766e+07
1.568999999999999909e-02 4.835367862942221016e+07
1.584699999999999998e-02 4.813004378665431589e+07
1.600700000000000039e-02 4.790285011295548826e+07
1.616700000000000081e-02 4.767637965445910394e+07
1.633000000000000076e-02 4.744640944036384672e+07
1.649400000000000172e-02 4.721579258177241683e+07
1.666000000000000120e-02 4.698314867397268862e+07
1.682700000000000168e-02 4.674990621989676356e+07
1.699600000000000069e-02 4.651469697146619111e+07
1.716700000000000170e-02 4.627755818313856423e+07
1.734000000000000125e-02 4.603852884823858738e+07
1.751399999999999832e-02 4.579902359220857918e+07
1.769000000000000086e-02 4.555770049139804393e+07
1.786799999999999847e-02 4.531460376674707979e+07
1.804700000000000054e-02 4.507113692312744260e+07
1.822899999999999868e-02 4.482462772345969826e+07
1.841200000000000128e-02 4.457783498419445008e+07
1.859699999999999895e-02 4.432945322765095532e+07
1.878399999999999861e-02 4.407953636182688177e+07
1.897300000000000028e-02 4.382814036770121753e+07
1.916299999999999948e-02 4.357664366488265991e+07
1.935600000000000168e-02 4.332245885953055322e+07
1.955000000000000140e-02 4.306828172886011750e+07
1.974700000000000066e-02 4.281155582128068060e+07
1.994500000000000092e-02 4.255495311427419633e+07
2.014600000000000071e-02 4.229594936683643609e+07
2.034800000000000150e-02 4.203719097225138545e+07
2.055299999999999835e-02 4.177618712410491705e+07
2.075899999999999967e-02 4.151555669061249495e+07
2.096800000000000053e-02 4.125284346477241814e+07
2.117899999999999991e-02 4.098939238127502054e+07
2.139200000000000129e-02 4.072528031477615237e+07
2.160700000000000121e-02 4.046058516967704147e+07
2.182399999999999965e-02 4.019538571796812117e+07
2.204300000000000009e-02 3.992976142888989300e+07
2.226500000000000007e-02 3.966259359790141135e+07
2.248800000000000104e-02 3.939636964014771581e+07
2.271400000000000155e-02 3.912878275839094818e+07
2.294300000000000159e-02 3.885994371172077954e+07
2.317299999999999915e-02 3.859228131329394877e+07
2.340599999999999972e-02 3.832354867360341549e+07
2.364099999999999882e-02 3.805499479445270449e+07
2.387900000000000092e-02 3.778557228269841522e+07
2.411900000000000155e-02 3.751650787265029550e+07
2.436100000000000071e-02 3.724787889499856532e+07
2.460599999999999940e-02 3.697866803727043420e+07
2.485300000000000009e-02 3.671006553168670833e+07
2.510300000000000031e-02 3.644107396152864397e+07
2.535600000000000007e-02 3.617179912992057949e+07
2.561000000000000082e-02 3.590443873484537750e+07
2.586799999999999863e-02 3.563591955877366662e+07
2.612799999999999845e-02 3.536842331325206161e+07
2.639000000000000026e-02 3.510201209542368352e+07
2.665599999999999914e-02 3.483474788606114686e+07
2.692299999999999902e-02 3.456971990402947366e+07
2.719399999999999942e-02 3.430402257412313670e+07
2.746699999999999836e-02 3.403970450684287399e+07
2.774300000000000030e-02 3.377586404428315163e+07
2.802199999999999830e-02 3.351258314646307752e+07
2.830399999999999930e-02 3.324994075478480384e+07
2.858799999999999883e-02 3.298892562945434451e+07
2.887599999999999889e-02 3.272777228651815653e+07
2.916600000000000095e-02 3.246836379294058308e+07
2.945899999999999908e-02 3.220985349367975071e+07
2.975500000000000020e-02 3.195230441690448299e+07
3.005400000000000085e-02 3.169577634449735656e+07
3.035600000000000104e-02 3.144032582035647333e+07
3.066100000000000075e-02 3.118600617230815813e+07
3.096900000000000000e-02 3.093286754671998695e+07
3.128100000000000325e-02 3.068015287233720347e+07
3.159499999999999809e-02 3.042952599099621549e+07
3.191200000000000286e-02 3.018021190091872215e+07
3.223299999999999776e-02 2.993147946721293405e+07
3.255700000000000260e-02 2.968415583065969497e+07
3.288399999999999657e-02 2.943827300795735046e+07
3.321500000000000147e-02 2.919312529630252346e+07
3.354900000000000243e-02 2.894949671095485613e+07
3.388599999999999945e-02 2.870741112265178189e+07
3.422599999999999948e-02 2.846689001404796913e+07
3.456999999999999656e-02 2.822726134439957887e+07
3.491799999999999765e-02 2.798857403402576596e+07
3.526900000000000174e-02 2.775154422902696580e+07
3.562300000000000189e-02 2.751618410519859940e+07
3.598099999999999909e-02 2.728185453336902708e+07
3.634300000000000030e-02 2.704859441004874557e+07
3.670799999999999758e-02 2.681706952241053432e+07
3.707699999999999885e-02 2.658666491644091904e+07
3.744999999999999718e-02 2.635741282380016521e+07
3.782599999999999851e-02 2.612994351554221287e+07
3.820599999999999691e-02 2.590366591014911234e+07
3.858999999999999930e-02 2.567860644641515240e+07
3.897799999999999876e-02 2.545478968990721181e+07
3.937000000000000222e-02 2.523223842235630378e+07
3.976500000000000173e-02 2.501152804898756370e+07
4.016499999999999931e-02 2.479156061809901148e+07
4.056900000000000089e-02 2.457291731572625414e+07
4.097599999999999854e-02 2.435614301256690547e+07
4.138800000000000118e-02 2.414018770563390106e+07
4.180400000000000088e-02 2.392560213013562933e+07
4.222399999999999765e-02 2.371239890357100964e+07
4.264899999999999941e-02 2.350009393947086856e+07
4.307699999999999724e-02 2.328969660612313822e+07
4.351000000000000006e-02 2.308023280937803909e+07
4.394800000000000095e-02 2.287173390503300726e+07
4.438899999999999790e-02 2.266515896759244427e+07
4.483499999999999985e-02 2.245957714023905247e+07
4.528599999999999987e-02 2.225501580764854699e+07
4.574099999999999694e-02 2.205194365395487845e+07
4.620099999999999901e-02 2.184992834984882921e+07
4.666499999999999815e-02 2.164942213559563830e+07
4.713400000000000228e-02 2.145000493194613978e+07
4.760799999999999754e-02 2.125169816282464191e+07
4.808599999999999680e-02 2.105493040576283634e+07
4.857000000000000206e-02 2.085889756542712077e+07
4.905799999999999744e-02 2.066442796710826457e+07
4.955099999999999782e-02 2.047113058712190017e+07
5.004900000000000321e-02 2.027902172065227479e+07
5.055199999999999971e-02 2.008811669624275342e+07
5.106000000000000122e-02 1.989842991173773631e+07
5.157300000000000079e-02 1.970997486861132085e+07
5.209099999999999842e-02 1.952276420474164933e+07
5.261500000000000205e-02 1.933645707151618227e+07
5.314399999999999680e-02 1.915142858142847568e+07
5.367799999999999655e-02 1.896768869744767994e+07
5.421700000000000130e-02 1.878524664021480456e+07
5.476199999999999818e-02 1.860378067216958851e+07
5.531200000000000006e-02 1.842363962467680126e+07
5.586800000000000099e-02 1.824451085758334026e+07
5.643000000000000099e-02 1.806641632139274478e+07
5.699699999999999905e-02 1.788968599648879468e+07
5.757000000000000312e-02 1.771402038169469684e+07
5.814799999999999830e-02 1.753973749388470873e+07
5.873300000000000048e-02 1.736625230711823329e+07
5.932300000000000073e-02 1.719417509366498142e+07
5.991900000000000004e-02 1.702322307700027153e+07
6.052099999999999841e-02 1.685341158084542677e+07
6.112999999999999684e-02 1.668447994509643875e+07
6.174400000000000027e-02 1.651699643842040375e+07
6.236499999999999683e-02 1.635042803225415759e+07
6.299100000000000532e-02 1.618532297172954492e+07
6.362400000000000000e-02 1.602116464159585908e+07
6.426400000000000168e-02 1.585797622881066613e+07
6.490999999999999548e-02 1.569602834591182508e+07
6.556199999999999528e-02 1.553532932696409710e+07
6.622100000000000208e-02 1.537564652910335176e+07
6.688700000000000201e-02 1.521699906584267691e+07
6.755899999999999406e-02 1.505963717665623315e+07
6.823799999999999311e-02 1.490333783339591511e+07
6.892399999999999916e-02 1.474811726247691922e+07
6.961599999999999733e-02 1.459421121621974185e+07
7.031600000000000350e-02 1.444118922752606310e+07
7.102300000000000280e-02 1.428928901366457529e+07
7.173599999999999421e-02 1.413873239248109609e+07
7.245699999999999363e-02 1.398910869425830245e+07
7.318500000000000005e-02 1.384064167585725151e+07
7.392100000000000060e-02 1.369314260203264654e+07
7.466399999999999426e-02 1.354682615752292238e+07
7.541399999999999493e-02 1.340170051911322586e+07
7.617200000000000359e-02 1.325758464394329116e+07
7.693800000000000638e-02 1.311449510416173004e+07
7.771100000000000230e-02 1.297262936126498319e+07
7.849200000000000621e-02 1.283181366671875119e+07
7.928100000000000425e-02 1.269206176080089621e+07
8.007799999999999641e-02 1.255338644142839126e+07
8.088299999999999657e-02 1.241579958919265494e+07
8.169500000000000373e-02 1.227947857624027692e+07
8.251600000000000601e-02 1.214409779086707532e+07
8.334600000000000342e-02 1.200967540289584547e+07
8.418299999999999395e-02 1.187654374621338956e+07
8.502899999999999348e-02 1.174439226445459388e+07
8.588400000000000201e-02 1.161323620356054790e+07
8.674700000000000466e-02 1.148323906911609508e+07
8.761900000000000244e-02 1.135425944683428295e+07
8.849999999999999534e-02 1.122630976379978657e+07
8.938899999999999624e-02 1.109954280906807818e+07
9.028700000000000614e-02 1.097382273327986896e+07
9.119499999999999829e-02 1.084902319176604971e+07
9.211099999999999843e-02 1.072542802915063128e+07
9.303699999999999470e-02 1.060277545363512635e+07
9.397199999999999998e-02 1.048120888385191374e+07
9.491600000000000037e-02 1.036073477930943482e+07
9.586999999999999689e-02 1.024123474986304715e+07
9.683400000000000341e-02 1.012272068141568452e+07
9.780700000000000505e-02 1.000532305919598788e+07
9.879000000000000281e-02 9.888927954300571233e+06
9.978299999999999670e-02 9.773544658858379349e+06
1.007900000000000046e-01 9.658729846693443134e+06
1.018000000000000016e-01 9.545735626185737550e+06
1.028199999999999947e-01 9.433763458652663976e+06
1.038599999999999940e-01 9.321752875829080120e+06
1.048999999999999932e-01 9.211863293646562845e+06
1.059500000000000025e-01 9.103012305812653154e+06
1.070200000000000040e-01 8.994196824929850176e+06
1.080900000000000055e-01 8.887454061893051490e+06
1.091799999999999993e-01 8.780790947718245909e+06
1.102800000000000030e-01 8.675216023030661047e+06
1.113900000000000029e-01 8.570729952893089503e+06
1.125000000000000028e-01 8.468247161359140649e+06
1.136400000000000049e-01 8.365024225341941230e+06
1.147799999999999931e-01 8.263803154324372299e+06
1.159300000000000053e-01 8.163668154528192244e+06
1.170999999999999958e-01 8.063771774129890837e+06
1.182700000000000001e-01 7.965819006493637338e+06
1.194599999999999967e-01 7.868131917569107376e+06
1.206600000000000034e-01 7.771551845127368346e+06
1.218800000000000022e-01 7.675293003949845210e+06
1.231000000000000011e-01 7.580928270747142844e+06
1.243400000000000061e-01 7.486904768051613122e+06
1.255900000000000072e-01 7.393997277966251597e+06
1.268499999999999905e-01 7.302199055092035793e+06
1.281200000000000117e-01 7.211503079846332781e+06
1.294099999999999973e-01 7.121209085709354840e+06
1.307099999999999929e-01 7.032030082379892468e+06
1.320300000000000085e-01 6.943291985363014042e+06
1.333499999999999963e-01 6.856330341973653063e+06
1.346900000000000042e-01 6.769818012995183468e+06
1.360500000000000043e-01 6.683784403583111241e+06
1.374100000000000044e-01 6.599484478451716714e+06
1.387899999999999967e-01 6.515667801666651852e+06
1.401900000000000091e-01 6.432360549420612864e+06
1.416000000000000036e-01 6.350164487897700630e+06
1.430200000000000082e-01 6.269067692373324186e+06
1.444600000000000051e-01 6.188504442215763032e+06
1.459100000000000119e-01 6.109039041617576964e+06
1.473800000000000110e-01 6.030127452745507471e+06
1.488599999999999923e-01 5.952309989420847036e+06
1.503500000000000114e-01 5.875573243428608403e+06
1.518700000000000050e-01 5.798905445328344591e+06
1.533899999999999986e-01 5.723821603371263482e+06
1.549300000000000122e-01 5.649319340958384797e+06
1.564899999999999902e-01 5.575414481848174706e+06
1.580600000000000060e-01 5.502580844818762504e+06
1.596499999999999864e-01 5.430353958518336527e+06
1.612599999999999867e-01 5.358747082396990620e+06
1.628799999999999970e-01 5.288203365321970545e+06
1.645099999999999896e-01 5.218707034911996685e+06
1.661700000000000121e-01 5.149416416022633202e+06
1.678399999999999892e-01 5.081176736446327530e+06
1.695200000000000040e-01 5.013971577832090668e+06
1.712299999999999933e-01 4.947009815952012315e+06
1.729499999999999926e-01 4.881082995813923888e+06
1.746900000000000119e-01 4.815803032330249436e+06
1.764400000000000135e-01 4.751540153248935938e+06
1.782199999999999895e-01 4.687566249806822278e+06
1.800100000000000033e-01 4.624605971662671305e+06
1.818200000000000094e-01 4.562301302350922488e+06
1.836399999999999977e-01 4.500990095902860165e+06
1.854899999999999882e-01 4.440002685072988272e+06
1.873499999999999888e-01 4.380002074440405704e+06
1.892399999999999916e-01 4.320345986757464707e+06
1.911400000000000043e-01 4.261668234740166925e+06
1.930600000000000094e-01 4.203651819377934560e+06
1.950000000000000067e-01 4.146298308773048222e+06
1.969599999999999962e-01 4.089608773035589140e+06
1.989400000000000057e-01 4.033583805703273974e+06
2.009400000000000075e-01 3.978223544732246548e+06
2.029600000000000015e-01 3.923527693042877596e+06
2.049999999999999878e-01 3.869495538606937509e+06
2.070599999999999941e-01 3.816125974064606242e+06
2.091399999999999926e-01 3.763417515861710999e+06
2.112400000000000111e-01 3.711368322899563704e+06
2.133599999999999941e-01 3.659976214691392612e+06
2.155100000000000071e-01 3.609004230699251406e+06
2.176700000000000024e-01 3.558923638092080597e+06
2.198599999999999999e-01 3.509267387726773042e+06
2.220699999999999896e-01 3.460266247820098884e+06
2.242999999999999994e-01 3.411916279363069683e+06
2.265600000000000114e-01 3.364003669930091128e+06
2.288300000000000056e-01 3.316947954289664514e+06
2.311300000000000021e-01 3.270329720655885059e+06
2.334600000000000009e-01 3.224157577701580245e+06
2.358000000000000096e-01 3.178822518288025633e+06
2.381699999999999928e-01 3.133931429348123260e+06
2.405700000000000061e-01 3.089491321467018221e+06
2.429800000000000015e-01 3.045866479965778068e+06
2.454300000000000093e-01 3.002513623001039494e+06
2.478899999999999992e-01 2.959963193645457271e+06
2.503799999999999915e-01 2.917862495587548241e+06
2.529000000000000137e-01 2.876216189326835796e+06
2.554400000000000004e-01 2.835188073629713152e+06
2.580100000000000171e-01 2.794614799374043476e+06
2.605999999999999983e-01 2.754652195643872954e+06
2.632200000000000095e-01 2.715143599648838397e+06
2.658699999999999952e-01 2.676091562756141648e+06
2.685400000000000009e-01 2.637640541547053959e+06
2.712399999999999811e-01 2.599643340450328775e+06
2.739599999999999813e-01 2.562237353373441380e+06
2.767200000000000215e-01 2.525148640585373621e+06
2.795000000000000262e-01 2.488646781393390149e+06
2.823100000000000054e-01 2.452596338606110774e+06
2.851500000000000146e-01 2.416997465287658852e+06
2.880099999999999882e-01 2.381971032942523714e+06
2.909100000000000019e-01 2.347271650425738655e+06
2.938299999999999801e-01 2.313137960640592501e+06
2.967799999999999883e-01 2.279448005427901167e+06
2.997600000000000264e-01 2.246200603851605207e+06
3.027799999999999936e-01 2.213286596197763458e+06
3.058199999999999807e-01 2.180922227349550929e+06
3.088899999999999979e-01 2.148995311838784255e+06
3.119999999999999996e-01 2.117403317035298795e+06
3.151300000000000212e-01 2.086347024458592758e+06
3.183000000000000274e-01 2.055625338442638284e+06
3.215000000000000080e-01 2.025335783837642055e+06
3.247300000000000186e-01 1.995475322832813952e+06
3.279900000000000038e-01 1.966040762693763012e+06
3.312899999999999734e-01 1.936941623329450842e+06
3.346199999999999730e-01 1.908265653619993245e+06
3.379800000000000026e-01 1.880009117100793170e+06
3.413800000000000168e-01 1.852087011167572113e+06
3.448100000000000054e-01 1.824580351181828417e+06
3.482799999999999785e-01 1.797407579700791975e+06
3.517799999999999816e-01 1.770645462739599403e+06
3.553100000000000147e-01 1.744289542000819696e+06
3.588799999999999768e-01 1.718263258767778985e+06
3.624899999999999789e-01 1.692567137523782440e+06
3.661300000000000110e-01 1.667270091502223164e+06
3.698100000000000276e-01 1.642300173842057353e+06
3.735299999999999732e-01 1.617657217262419406e+06
3.772800000000000042e-01 1.593404712035043631e+06
3.810799999999999743e-01 1.569412698306257837e+06
3.849099999999999744e-01 1.545806669415351003e+06
3.887700000000000045e-01 1.522581211787617300e+06
3.926799999999999735e-01 1.499614852316119475e+06
3.966299999999999826e-01 1.476967145304859849e+06
4.006100000000000216e-01 1.454691866592676379e+06
4.046399999999999997e-01 1.432675420601146296e+06
4.087100000000000177e-01 1.410972618420918705e+06
4.128100000000000103e-01 1.389632898490024963e+06
4.169599999999999973e-01 1.368550070172909647e+06
4.211500000000000243e-01 1.347774573009141022e+06
4.253899999999999904e-01 1.327256238908000058e+06
4.296599999999999864e-01 1.307089362072619377e+06
4.339799999999999769e-01 1.287176853286858415e+06
4.383400000000000074e-01 1.267563777217541123e+06
4.427499999999999769e-01 1.248203939670613967e+06
4.471999999999999864e-01 1.229139896618260304e+06
4.516899999999999804e-01 1.210368600245110225e+06
4.562300000000000244e-01 1.191846640051130205e+06
4.608200000000000074e-01 1.173573774762000656e+06
4.654499999999999749e-01 1.155587949020391796e+06
4.701199999999999823e-01 1.137885768368446268e+06
4.748499999999999943e-01 1.120390730415782426e+06
4.796199999999999908e-01 1.103175992223389214e+06
4.844399999999999817e-01 1.086203157731901156e+06
4.893100000000000227e-01 1.069471132474528858e+06
4.942300000000000026e-01 1.052978688488321612e+06
4.991999999999999771e-01 1.036724472528248909e+06
5.042100000000000470e-01 1.020738530329830479e+06
5.092799999999999550e-01 1.004955479687919607e+06
5.143999999999999684e-01 9.894059419298218563e+05
5.195699999999999763e-01 9.740881389174392680e+05
5.247899999999999787e-01 9.590002041529982816e+05
5.300599999999999756e-01 9.441401893507076893e+05
5.353900000000000325e-01 9.294789023146557156e+05
5.407699999999999729e-01 9.150427487616004655e+05
5.462099999999999733e-01 9.008036712155394489e+05
5.516999999999999682e-01 8.867865274496242637e+05
5.572399999999999576e-01 8.729889567716905149e+05
5.628400000000000070e-01 8.593845600183220813e+05
5.685000000000000053e-01 8.459726601960696280e+05
5.742099999999999982e-01 8.327752851918055676e+05
5.799800000000000511e-01 8.197675714928285452e+05
5.858100000000000529e-01 8.069485401149117388e+05
5.917000000000000037e-01 7.943171109131599078e+05
5.976500000000000146e-01 7.818721090709699783e+05
6.036500000000000199e-01 7.696324169712145813e+05
6.097200000000000397e-01 7.575558994173270185e+05
6.158500000000000085e-01 7.456617902667945018e+05
6.220400000000000373e-01 7.339485960896579782e+05
6.282900000000000151e-01 7.224147578162596328e+05
6.346000000000000529e-01 7.110586558787411777e+05
6.409799999999999942e-01 6.998612833199888701e+05
6.474199999999999955e-01 6.888391055778423324e+05
6.539300000000000113e-01 6.779738366688665701e+05
6.604999999999999760e-01 6.672809312476110645e+05
6.671399999999999553e-01 6.567428038932277123e+05
6.738399999999999945e-01 6.463739603954771301e+05
6.806200000000000028e-01 6.361425940833919449e+05
6.874599999999999600e-01 6.260779640708919615e+05
6.943599999999999772e-01 6.161779656202400802e+05
7.013399999999999634e-01 6.064128485069563612e+05
7.083899999999999642e-01 5.967960155846159905e+05
7.155099999999999794e-01 5.873262786444585072e+05
7.227000000000000091e-01 5.780023930207511876e+05
7.299700000000000077e-01 5.688105776013580617e+05
7.372999999999999554e-01 5.597747686187000945e+05
7.447099999999999831e-01 5.508689058386712568e+05
7.521999999999999797e-01 5.420924523245540913e+05
7.597599999999999909e-01 5.334560704938198905e+05
7.673900000000000166e-01 5.249582190068755299e+05
7.751000000000000112e-01 5.165866071397502092e+05
7.828899999999999748e-01 5.083404469093132648e+05
7.907600000000000184e-01 5.002188880635716487e+05
7.987100000000000311e-01 4.922210223649863037e+05
8.067400000000000126e-01 4.843458877111916081e+05
8.148499999999999632e-01 4.765924720949325128e+05
8.230300000000000393e-01 4.689689189911313588e+05
8.313099999999999934e-01 4.614465230731951888e+05
8.396599999999999620e-01 4.540517495623255381e+05
8.480999999999999650e-01 4.467656984569203923e+05
8.566200000000000481e-01 4.395961151568675996e+05
8.652300000000000546e-01 4.325336478944583214e+05
8.739299999999999846e-01 4.255776307189918007e+05
8.827099999999999946e-01 4.187350379415722564e+05
8.915800000000000392e-01 4.119970161553042126e+05
9.005400000000000071e-01 4.053627632090478437e+05
9.095900000000000096e-01 3.988314334052634076e+05
9.187400000000000011e-01 3.923951963329912396e+05
9.279699999999999616e-01 3.860671937741344445e+05
9.372899999999999565e-01 3.798393438582527451e+05
9.467100000000000515e-01 3.737042286419542506e+05
9.562300000000000244e-01 3.676613208033789997e+05
9.658400000000000318e-01 3.617161501533404808e+05
9.755500000000000282e-01 3.558616746492809616e+05
9.853499999999999481e-01 3.501030389407785842e+05
9.952499999999999680e-01 3.444334500624647480e+05
1.005300000000000082e+00 3.388246370389937656e+05
1.015400000000000080e+00 3.333316363060826552e+05
1.025600000000000067e+00 3.279253909392921487e+05
1.035900000000000043e+00 3.226050802858216921e+05
1.046300000000000008e+00 3.173698564648268512e+05
1.056799999999999962e+00 3.122188467850458692e+05
1.067399999999999904e+00 3.071511560534379096e+05
1.078100000000000058e+00 3.021658687774287537e+05
1.088999999999999968e+00 2.972172326418196317e+05
1.099900000000000100e+00 2.923950751183645334e+05
1.110999999999999988e+00 2.876098859722067136e+05
1.122100000000000097e+00 2.829468865627900232e+05
1.133399999999999963e+00 2.783210091344593675e+05
1.144800000000000040e+00 2.737737324890131713e+05
1.156300000000000106e+00 2.693039726158980629e+05
1.167899999999999938e+00 2.649106419576482731e+05
1.179699999999999971e+00 2.605562233697231277e+05
1.191500000000000004e+00 2.563134100410428655e+05
1.203500000000000014e+00 2.521091440280613897e+05
1.215600000000000014e+00 2.479786904047450225e+05
1.227800000000000002e+00 2.439208916828903893e+05
1.240199999999999969e+00 2.399026081005158485e+05
1.252599999999999936e+00 2.359874876374678279e+05
1.265200000000000102e+00 2.321111958564785891e+05
1.277900000000000036e+00 2.283045255655166111e+05
1.290799999999999947e+00 2.245374674331422430e+05
1.303700000000000081e+00 2.208672365163123468e+05
1.316799999999999971e+00 2.172357243560228962e+05
1.330100000000000060e+00 2.136438914114269428e+05
1.343499999999999917e+00 2.101185734457272338e+05
1.356999999999999984e+00 2.066585360282002366e+05
1.370600000000000041e+00 2.032625624241872574e+05
1.384400000000000075e+00 1.999054409291132470e+05
1.398300000000000098e+00 1.966112366719525307e+05
1.412300000000000111e+00 1.933787349834177003e+05
1.426500000000000101e+00 1.901845373991610250e+05
1.440900000000000070e+00 1.870291852763250063e+05
1.455300000000000038e+00 1.839552874003698817e+05
1.469999999999999973e+00 1.808984099361039989e+05
1.484699999999999909e+00 1.779205532529429765e+05
1.499700000000000033e+00 1.749605097278934845e+05
1.514699999999999935e+00 1.720770564885555359e+05
1.530000000000000027e+00 1.692120549927665270e+05
1.545299999999999896e+00 1.664212251956431428e+05
1.560899999999999954e+00 1.636493467953365180e+05
1.576600000000000001e+00 1.609321589957301330e+05
1.592400000000000038e+00 1.582684621512142476e+05
1.608400000000000052e+00 1.556408745944992406e+05
1.624600000000000044e+00 1.530495072620591673e+05
1.640900000000000025e+00 1.505098080502421944e+05
1.657399999999999984e+00 1.480056333258867380e+05
1.673999999999999932e+00 1.455515996116952447e+05
1.690900000000000070e+00 1.431181400236524642e+05
1.707899999999999974e+00 1.407340339269296092e+05
1.725000000000000089e+00 1.383981297093649337e+05
1.742399999999999949e+00 1.360830409027997521e+05
1.759900000000000020e+00 1.338152967437502812e+05
1.777600000000000069e+00 1.315813150857097644e+05
1.795400000000000107e+00 1.293931016786091350e+05
1.813499999999999890e+00 1.272259262856456917e+05
1.831700000000000106e+00 1.251035814982227021e+05
1.850100000000000078e+00 1.230137661753259454e+05
1.868700000000000028e+00 1.209562912062413234e+05
1.887499999999999956e+00 1.189309489629889431e+05
1.906400000000000095e+00 1.169478690009966813e+05
1.925599999999999978e+00 1.149858308041684650e+05
1.945000000000000062e+00 1.130552106898011552e+05
1.964499999999999913e+00 1.111653030699364317e+05
1.984299999999999953e+00 1.092964470476438437e+05
2.004199999999999982e+00 1.074672404495973169e+05
2.024300000000000210e+00 1.056678335708056693e+05
2.044700000000000184e+00 1.038893268996345578e+05
2.065199999999999925e+00 1.021488469578603690e+05
2.085999999999999854e+00 1.004290866767296829e+05
2.107000000000000206e+00 9.873831111528573092e+04
2.128099999999999881e+00 9.708391265058270073e+04
2.149500000000000188e+00 9.544986358278272382e+04
2.171100000000000030e+00 9.384375397105912270e+04
2.192899999999999849e+00 9.226522415908421681e+04
2.214999999999999858e+00 9.070695284432050539e+04
2.237200000000000077e+00 8.918267194883362390e+04
2.259700000000000042e+00 8.767826970622688532e+04
2.282399999999999984e+00 8.620031935303049977e+04
2.305400000000000116e+00 8.474217908707668539e+04
2.328500000000000014e+00 8.331613867496013700e+04
2.351900000000000102e+00 8.190945536773744971e+04
2.375599999999999934e+00 8.052221039564213424e+04
2.399500000000000188e+00 7.916008549915734329e+04
2.423599999999999977e+00 7.782267217442092078e+04
2.447900000000000187e+00 7.650956427236201125e+04
2.472500000000000142e+00 7.521516592371856677e+04
2.497399999999999842e+00 7.393948561269891798e+04
2.522499999999999964e+00 7.268743561425888038e+04
2.547800000000000065e+00 7.145859978154396231e+04
2.573399999999999910e+00 7.024789952617486415e+04
2.599299999999999944e+00 6.905529559133348812e+04
2.625399999999999956e+00 6.788515765044720320e+04
2.651800000000000157e+00 6.673276057460659649e+04
2.678500000000000103e+00 6.559803240524914872e+04
2.705400000000000027e+00 6.448497147244810185e+04
2.732600000000000140e+00 6.338918335350723646e+04
2.759999999999999787e+00 6.231443976338731591e+04
2.787799999999999834e+00 6.125278909879634739e+04
2.815799999999999859e+00 6.021175660019009229e+04
2.844100000000000072e+00 5.918735243239237025e+04
2.872700000000000031e+00 5.817944851875488530e+04
2.901499999999999968e+00 5.719129432343061490e+04
2.930699999999999861e+00 5.621588634841244493e+04
2.960199999999999942e+00 5.525655212965077953e+04
2.989900000000000002e+00 5.431625944262342091e+04
3.020000000000000018e+00 5.338851654381898697e+04
3.050300000000000011e+00 5.247932609959248657e+04
3.080999999999999961e+00 5.158251726164227875e+04
3.111899999999999888e+00 5.070376169878530345e+04
3.143200000000000216e+00 4.983719413036969490e+04
3.174799999999999844e+00 4.898551443316360383e+04
3.206700000000000106e+00 4.814853727959620301e+04
3.238900000000000112e+00 4.732607482652723411e+04
3.271500000000000075e+00 4.651548375718357420e+04
3.304399999999999782e+00 4.571915561199129297e+04
3.337600000000000122e+00 4.493689176215859334e+04
3.371100000000000207e+00 4.416849254427065898e+04
3.404999999999999805e+00 4.341155447406536405e+04
3.439200000000000035e+00 4.266819648792252701e+04
3.473800000000000221e+00 4.193612506414036034e+04
3.508700000000000152e+00 4.121733269271114841e+04
3.544000000000000039e+00 4.050963130027323496e+04
3.579600000000000115e+00 3.981489457505184691e+04
3.615499999999999936e+00 3.913290971376229572e+04
3.651899999999999924e+00 3.845981619358900934e+04
3.688600000000000101e+00 3.779924642707598832e+04
3.725699999999999790e+00 3.714925503527048568e+04
3.763100000000000112e+00 3.651144750849684351e+04
3.800899999999999945e+00 3.588396933636759059e+04
3.839100000000000179e+00 3.526673665387972142e+04
3.877699999999999925e+00 3.465966089868237032e+04
3.916700000000000070e+00 3.406264918210078758e+04
3.955999999999999961e+00 3.347707462939911056e+04
3.995800000000000018e+00 3.289985754037519655e+04
4.035999999999999588e+00 3.233240437993389060e+04
4.076500000000000234e+00 3.177596377704109909e+04
4.117499999999999716e+00 3.122767912071289538e+04
4.158900000000000041e+00 3.068883108677233758e+04
4.200700000000000323e+00 3.015930556181406791e+04
4.242899999999999672e+00 2.963898653444579759e+04
4.285499999999999865e+00 2.912775633635711711e+04
4.328599999999999781e+00 2.862434355588121980e+04
4.372099999999999653e+00 2.812984172602082253e+04
4.416000000000000369e+00 2.764412701629912044e+04
4.460399999999999920e+00 2.716601251043329830e+04
4.505200000000000315e+00 2.669649219121730130e+04
4.550500000000000433e+00 2.623443195004618246e+04
4.596300000000000274e+00 2.577978455063471847e+04
