2.107699999999999895e-04 7.237907695505629480e+07
2.128900000000000031e-04 7.237828613483500481e+07
2.150200000000000115e-04 7.237748412962247431e+07
2.171899999999999992e-04 7.237665933572937548e+07
2.193700000000000088e-04 7.237582285757622123e+07
2.215700000000000080e-04 7.237497067074202001e+07
2.237999999999999918e-04 7.237409860640820861e+07
2.260499999999999923e-04 7.237321028565439582e+07
2.283200000000000095e-04 7.237230547812224925e+07
2.306200000000000112e-04 7.237137991641317308e+07
2.329300000000000077e-04 7.237044142775304615e+07
2.352699999999999887e-04 7.236948167211107910e+07
2.376400000000000083e-04 7.236850032111831009e+07
2.400299999999999905e-04 7.236750125155754387e+07
2.424399999999999895e-04 7.236648426200136542e+07
2.448800000000000000e-04 7.236544487794792652e+07
2.473399999999999731e-04 7.236438710833187401e+07
2.498199999999999900e-04 7.236331076935140789e+07
2.523299999999999914e-04 7.236221128007146716e+07
2.548699999999999772e-04 7.236108834281183779e+07
2.574300000000000069e-04 7.235994615048596263e+07
2.600200000000000211e-04 7.235878002640581131e+07
2.626300000000000249e-04 7.235759424117559195e+07
2.652700000000000132e-04 7.235638399285009503e+07
2.679399999999999859e-04 7.235514889979872108e+07
2.706300000000000025e-04 7.235389320482724905e+07
2.733500000000000036e-04 7.235261187181849778e+07
2.760999999999999891e-04 7.235130448363164067e+07
2.788700000000000185e-04 7.234997544634141028e+07
2.816699999999999781e-04 7.234861961685572565e+07
2.845100000000000255e-04 7.234723168325287104e+07
2.873600000000000134e-04 7.234582597655479610e+07
2.902499999999999807e-04 7.234438737827314436e+07
2.931699999999999866e-04 7.234292041240739822e+07
2.961199999999999770e-04 7.234142470238755643e+07
2.990900000000000112e-04 7.233990501646924019e+07
3.021000000000000248e-04 7.233835075881132483e+07
3.051299999999999737e-04 7.233677189962489903e+07
3.082000000000000104e-04 7.233515766935734451e+07
3.112999999999999773e-04 7.233351291269651055e+07
3.144299999999999829e-04 7.233183729741209745e+07
3.175899999999999730e-04 7.233013049641282856e+07
3.207800000000000018e-04 7.232839218900644779e+07
3.240000000000000150e-04 7.232662206693090498e+07
3.272600000000000075e-04 7.232481427139537036e+07
3.305499999999999845e-04 7.232297396605911851e+07
3.338700000000000001e-04 7.232110080612432957e+07
3.372299999999999950e-04 7.231918865525965393e+07
3.406199999999999744e-04 7.231724262394486368e+07
3.440399999999999925e-04 7.231526222492772341e+07
3.474999999999999899e-04 7.231324112761799991e+07
3.509900000000000259e-04 7.231118463964925706e+07
3.545199999999999870e-04 7.230908633897577226e+07
3.580799999999999868e-04 7.230695165313035250e+07
3.616800000000000201e-04 7.230477407729536295e+07
3.653099999999999837e-04 7.230255916402225196e+07
3.689799999999999807e-04 7.230030032262828946e+07
3.726900000000000113e-04 7.229799699718979001e+07
3.764400000000000211e-04 7.229564863879680634e+07
3.802200000000000154e-04 7.229326105493147671e+07
3.840399999999999890e-04 7.229082748264081776e+07
3.878999999999999961e-04 7.228834740720511973e+07
3.917999999999999825e-04 7.228582032257148623e+07
3.957400000000000024e-04 7.228324573691588640e+07
3.997200000000000015e-04 7.228062316642847657e+07
4.037299999999999852e-04 7.227795880870619416e+07
4.077899999999999971e-04 7.227523891766096652e+07
4.118899999999999883e-04 7.227246967805330455e+07
4.160300000000000131e-04 7.226965063698802888e+07
4.202100000000000171e-04 7.226678129936645925e+07
4.244300000000000004e-04 7.226386108261738718e+07
4.287000000000000120e-04 7.226088229460689425e+07
4.330100000000000030e-04 7.225785116107662022e+07
4.373599999999999732e-04 7.225476704715126753e+07
4.417499999999999769e-04 7.225162932824127376e+07
4.461900000000000089e-04 7.224843015413978696e+07
4.506800000000000151e-04 7.224516875140628219e+07
4.552100000000000005e-04 7.224185171005152166e+07
4.597800000000000194e-04 7.223847846101792157e+07
4.644000000000000124e-04 7.223504097743847966e+07
4.690699999999999796e-04 7.223153854244987667e+07
4.737799999999999802e-04 7.222797803992034495e+07
4.785500000000000040e-04 7.222434366359099746e+07
4.833600000000000071e-04 7.222064997666949034e+07
4.882099999999999895e-04 7.221689650184756517e+07
4.931199999999999950e-04 7.221306711714568734e+07
4.980800000000000288e-04 7.220916890709739923e+07
5.030800000000000419e-04 7.220520920928703249e+07
5.081400000000000240e-04 7.220117158745121956e+07
5.132399999999999853e-04 7.219707142415735126e+07
5.184000000000000240e-04 7.219289209659561515e+07
5.236099999999999826e-04 7.218864105325193703e+07
5.288800000000000185e-04 7.218430944016735256e+07
5.341900000000000337e-04 7.217991300343841314e+07
5.395600000000000179e-04 7.217543437597711384e+07
5.449800000000000304e-04 7.217088102538472414e+07
5.504600000000000118e-04 7.216624371657215059e+07
5.559900000000000215e-04 7.216153009184394777e+07
5.615800000000000002e-04 7.215673082054728270e+07
5.672200000000000072e-04 7.215185370327177644e+07
5.729199999999999831e-04 7.214688932671852410e+07
5.786800000000000364e-04 7.214183685300718248e+07
5.844999999999999502e-04 7.213669546141606569e+07
5.903700000000000007e-04 7.213147328150212765e+07
5.963099999999999607e-04 7.212615174059452116e+07
6.022999999999999491e-04 7.212074799959807098e+07
6.083500000000000149e-04 7.211525239271984994e+07
6.144699999999999902e-04 7.210965502786283195e+07
6.206399999999999938e-04 7.210397350153252482e+07
6.268800000000000153e-04 7.209818872680592537e+07
6.331800000000000058e-04 7.209230922919984162e+07
6.395399999999999653e-04 7.208633437572285533e+07
6.459700000000000511e-04 7.208025407442408800e+07
6.524599999999999974e-04 7.207407712508384883e+07
6.590199999999999617e-04 7.206779333925431967e+07
6.656400000000000034e-04 7.206141157381135225e+07
6.723299999999999546e-04 7.205492137026099861e+07
6.790900000000000322e-04 7.204832167939807475e+07
6.859099999999999702e-04 7.204162133764488995e+07
6.928099999999999753e-04 7.203479972737477720e+07
6.997699999999999493e-04 7.202787567219303548e+07
7.068000000000000498e-04 7.202083838639669120e+07
7.139100000000000003e-04 7.201367686420159042e+07
7.210800000000000282e-04 7.200641037423290312e+07
7.283300000000000147e-04 7.199901779838195443e+07
7.356500000000000192e-04 7.199150841546390951e+07
7.430400000000000416e-04 7.198388142956134677e+07
7.505100000000000226e-04 7.197612565640723705e+07
7.580500000000000215e-04 7.196825064421509206e+07
7.656699999999999791e-04 7.196024514035047591e+07
7.733700000000000036e-04 7.195210827344667912e+07
7.811400000000000461e-04 7.194384985873648524e+07
7.889900000000000472e-04 7.193545854681943357e+07
7.969200000000000068e-04 7.192693355156429112e+07
8.049300000000000335e-04 7.191827411096565425e+07
8.130200000000000187e-04 7.190947949974723160e+07
8.211899999999999625e-04 7.190054904426693916e+07
8.294399999999999733e-04 7.189148205902603269e+07
8.377799999999999917e-04 7.188226671790760756e+07
8.461999999999999687e-04 7.187291312780275941e+07
8.547000000000000127e-04 7.186342026622243226e+07
8.632899999999999558e-04 7.185377588934367895e+07
8.719700000000000150e-04 7.184397889664337039e+07
8.807300000000000328e-04 7.183403958943621814e+07
8.895799999999999498e-04 7.182394566121181846e+07
8.985199999999999828e-04 7.181369609780526161e+07
9.075500000000000234e-04 7.180328991976606846e+07
9.166699999999999631e-04 7.179272618176065385e+07
9.258899999999999596e-04 7.178199229968836904e+07
9.351900000000000230e-04 7.177111068043677509e+07
9.445900000000000346e-04 7.176005707955247164e+07
9.540899999999999945e-04 7.174883051497343183e+07
9.636700000000000214e-04 7.173745384855440259e+07
9.733600000000000455e-04 7.172589063018116355e+07
9.831399999999999688e-04 7.171416385132300854e+07
9.930200000000000572e-04 7.170226077328258753e+07
1.002999999999999985e-03 7.169018059612788260e+07
1.013100000000000068e-03 7.167789816716568172e+07
1.023299999999999991e-03 7.166543691807122529e+07
1.033499999999999914e-03 7.165291921004755795e+07
1.043899999999999949e-03 7.164009891739691794e+07
1.054400000000000042e-03 7.162709765326531231e+07
1.064999999999999974e-03 7.161391435668715835e+07
1.075699999999999963e-03 7.160054758911874890e+07
1.086500000000000009e-03 7.158699595320406556e+07
1.097499999999999951e-03 7.157313184742785990e+07
1.108499999999999893e-03 7.155920608898678422e+07
1.119599999999999892e-03 7.154509169168993831e+07
1.130900000000000004e-03 7.153065947628663480e+07
1.142199999999999899e-03 7.151616374446913600e+07
1.153699999999999908e-03 7.150134684555673599e+07
1.165299999999999973e-03 7.148633572913619876e+07
1.177000000000000095e-03 7.147112939523530006e+07
1.188899999999999896e-03 7.145559607359713316e+07
1.200799999999999914e-03 7.143999591944819689e+07
1.212900000000000046e-03 7.142406588162969053e+07
1.225100000000000017e-03 7.140793595830580592e+07
1.237400000000000045e-03 7.139160537763936818e+07
1.249799999999999913e-03 7.137507341821663082e+07
1.262399999999999894e-03 7.135820525098828971e+07
1.275099999999999931e-03 7.134113328955565393e+07
1.287900000000000026e-03 7.132385695390962064e+07
1.300799999999999960e-03 7.130637573635277152e+07
1.313900000000000007e-03 7.128855281085625291e+07
1.327099999999999894e-03 7.127052286088383198e+07
1.340400000000000055e-03 7.125228522891174257e+07
1.353899999999999895e-03 7.123370114306840301e+07
1.367500000000000009e-03 7.121490666333220899e+07
1.381300000000000019e-03 7.119576209270776808e+07
1.395100000000000029e-03 7.117654422979201376e+07
1.409199999999999993e-03 7.115683388970075548e+07
1.423299999999999956e-03 7.113704908810921013e+07
1.437600000000000032e-03 7.111690869042044878e+07
1.452100000000000005e-03 7.109641067662154138e+07
1.466700000000000035e-03 7.107569523633052409e+07
1.481399999999999904e-03 7.105476203034099936e+07
1.496300000000000104e-03 7.103346759671114385e+07
1.511299999999999926e-03 7.101195384865073860e+07
1.526500000000000079e-03 7.099007642130377889e+07
1.541899999999999911e-03 7.096783367845934629e+07
1.557400000000000017e-03 7.094536923591384292e+07
1.572999999999999962e-03 7.092268308060851693e+07
1.588800000000000021e-03 7.089962908957728744e+07
1.604799999999999977e-03 7.087620587967458367e+07
1.620899999999999988e-03 7.085255926899209619e+07
1.637199999999999897e-03 7.082854192747069895e+07
1.653699999999999918e-03 7.080415267410926521e+07
1.670299999999999997e-03 7.077953865937675536e+07
1.687099999999999971e-03 7.075455070140621066e+07
1.704000000000000003e-03 7.072933615930837393e+07
1.721199999999999987e-03 7.070359461303821206e+07
1.738500000000000028e-03 7.067762351958219707e+07
1.755899999999999909e-03 7.065142245352323353e+07
1.773599999999999960e-03 7.062468849921581149e+07
1.791400000000000067e-03 7.059772205207848549e+07
1.809400000000000071e-03 7.057037069767428935e+07
1.827599999999999971e-03 7.054263290454520285e+07
1.845999999999999985e-03 7.051450721405798197e+07
1.864500000000000055e-03 7.048614577393640578e+07
1.883200000000000022e-03 7.045739463870134950e+07
1.902199999999999941e-03 7.042809816257353127e+07
1.921299999999999918e-03 7.039856357239203155e+07
1.940600000000000007e-03 7.036863581667216122e+07
1.960100000000000210e-03 7.033831389256088436e+07
1.979799999999999876e-03 7.030759688059900701e+07
1.999700000000000089e-03 7.027648393808859587e+07
2.019799999999999981e-03 7.024497428719732165e+07
2.040099999999999986e-03 7.021306724154990911e+07
2.060600000000000105e-03 7.018076224746730924e+07
2.081299999999999904e-03 7.014805876298999786e+07
2.102199999999999815e-03 7.011495609538103640e+07
2.123400000000000114e-03 7.008129438741718233e+07
2.144699999999999818e-03 7.004738990945826471e+07
2.166299999999999910e-03 7.001292307405683398e+07
2.187999999999999841e-03 6.997821195185327530e+07
2.210000000000000159e-03 6.994293563533121347e+07
2.232200000000000156e-03 6.990725296839746833e+07
2.254700000000000107e-03 6.987100181060978770e+07
2.277299999999999897e-03 6.983450365458028018e+07
2.300200000000000074e-03 6.979743485709531605e+07
2.323299999999999931e-03 6.975995616043856740e+07
2.346700000000000175e-03 6.972190428863902390e+07
2.370300000000000098e-03 6.968344091990756989e+07
2.394100000000000134e-03 6.964456575878649950e+07
2.418099999999999850e-03 6.960527859342728555e+07
2.442399999999999953e-03 6.956541507327286899e+07
2.467000000000000009e-03 6.952497412167698145e+07
2.491800000000000178e-03 6.948411968149913847e+07
2.516800000000000027e-03 6.944285190616503358e+07
2.542099999999999829e-03 6.940100544877500832e+07
2.567700000000000017e-03 6.935857965596871078e+07
2.593499999999999885e-03 6.931574024271592498e+07
2.619499999999999867e-03 6.927248770691320300e+07
2.645900000000000075e-03 6.922848875865310431e+07
2.672499999999999962e-03 6.918407599209451675e+07
2.699299999999999963e-03 6.913924917342936993e+07
2.726399999999999917e-03 6.909384041421790421e+07
2.753799999999999824e-03 6.904784884194678068e+07
2.781500000000000118e-03 6.900127368755754828e+07
2.809499999999999931e-03 6.895411427689005435e+07
2.837699999999999858e-03 6.890653889580126107e+07
2.866200000000000171e-03 6.885837880856777728e+07
2.895000000000000004e-03 6.880963367610153556e+07
2.924099999999999790e-03 6.876030327377761900e+07
2.953499999999999962e-03 6.871038749086678028e+07
2.983200000000000088e-03 6.865988633327989280e+07
3.013200000000000166e-03 6.860879991997547448e+07
3.043500000000000198e-03 6.855712848697175086e+07
3.074100000000000183e-03 6.850487238007804751e+07
3.104899999999999848e-03 6.845220318105606735e+07
3.136200000000000012e-03 6.839860811215712130e+07
3.167699999999999856e-03 6.834460122059115767e+07
3.199500000000000087e-03 6.829001216813053191e+07
3.231700000000000111e-03 6.823466989251406491e+07
3.264099999999999814e-03 6.817891921872538328e+07
3.296900000000000178e-03 6.812241715020804107e+07
3.330099999999999900e-03 6.806516407250782847e+07
3.363600000000000010e-03 6.800733293338575959e+07
3.397400000000000073e-03 6.794892398491936922e+07
3.431500000000000088e-03 6.788993753516978025e+07
3.465999999999999897e-03 6.783020088741515577e+07
3.500800000000000092e-03 6.776988759348300099e+07
3.536000000000000081e-03 6.770882484934313595e+07
3.571500000000000022e-03 6.764718676401858032e+07
3.607400000000000190e-03 6.758480048546382785e+07
3.643700000000000151e-03 6.752166669721651077e+07
3.680300000000000064e-03 6.745796035511432588e+07
3.717300000000000205e-03 6.739350856142725050e+07
3.754700000000000138e-03 6.732831241552074254e+07
3.792400000000000024e-03 6.726254765849810839e+07
3.830500000000000137e-03 6.719604140034304559e+07
3.869000000000000043e-03 6.712879514548031986e+07
3.907899999999999742e-03 6.706081054566795379e+07
3.947199999999999667e-03 6.699208939266355336e+07
3.986800000000000413e-03 6.692280861865461618e+07
4.026899999999999924e-03 6.685262035672761500e+07
4.067399999999999662e-03 6.678170171770756692e+07
4.108299999999999626e-03 6.671005513030818850e+07
4.149500000000000410e-03 6.663785834420523793e+07
4.191199999999999960e-03 6.656476305847832561e+07
4.233400000000000010e-03 6.649077100680865347e+07
4.275900000000000013e-03 6.641623395205608755e+07
4.318899999999999649e-03 6.634080225612902641e+07
4.362300000000000379e-03 6.626465271850023419e+07
4.406099999999999600e-03 6.618778691188792139e+07
4.450400000000000189e-03 6.611003098217690736e+07
4.495100000000000137e-03 6.603156223799017817e+07
4.540299999999999718e-03 6.595220709359036386e+07
4.585999999999999799e-03 6.587196763509259373e+07
4.631999999999999833e-03 6.579119729797507077e+07
4.678599999999999773e-03 6.570937173612710834e+07
4.725599999999999939e-03 6.562684469679976255e+07
4.773099999999999739e-03 6.554344331528291851e+07
4.821100000000000038e-03 6.545917048631412536e+07
4.869499999999999697e-03 6.537420480376697332e+07
4.918500000000000129e-03 6.528819839025139064e+07
4.967899999999999920e-03 6.520150566853272170e+07
5.017800000000000211e-03 6.511395464053264260e+07
5.068300000000000409e-03 6.502537359434773773e+07
5.119199999999999966e-03 6.493611719938920438e+07
5.170600000000000022e-03 6.484601410084464401e+07
5.222599999999999985e-03 6.475489328364761919e+07
5.275099999999999581e-03 6.466293406926462054e+07
5.328099999999999677e-03 6.457014027942881733e+07
5.381699999999999678e-03 6.447634017576648295e+07
5.435800000000000180e-03 6.438171216805481911e+07
5.490400000000000315e-03 6.428625984147587419e+07
5.545600000000000356e-03 6.418981226306906343e+07
5.601300000000000029e-03 6.409254818489775062e+07
5.657599999999999608e-03 6.399429718733926117e+07
5.714399999999999688e-03 6.389523816356366128e+07
5.771899999999999947e-03 6.379502704476538301e+07
5.829899999999999839e-03 6.369401729876323789e+07
5.888499999999999637e-03 6.359203966865479946e+07
5.947700000000000209e-03 6.348909942284995317e+07
6.007400000000000413e-03 6.338537567489134520e+07
6.067799999999999930e-03 6.328052656403156370e+07
6.128800000000000220e-03 6.317473170078092068e+07
6.190400000000000416e-03 6.306799706050386280e+07
6.252599999999999651e-03 6.296032879262550920e+07
6.315399999999999660e-03 6.285173322517062724e+07
6.378899999999999848e-03 6.274204414670437574e+07
6.442999999999999942e-03 6.263144121375039220e+07
6.507800000000000216e-03 6.251975915628717840e+07
6.573200000000000397e-03 6.240717766930356622e+07
6.639199999999999616e-03 6.229370311730170250e+07
6.706000000000000155e-03 6.217899807498700917e+07
6.773399999999999734e-03 6.206341084332916886e+07
6.841400000000000085e-03 6.194694552741907537e+07
6.910200000000000023e-03 6.182926489099609107e+07
6.979599999999999867e-03 6.171071652486404777e+07
7.049800000000000164e-03 6.159096443996126205e+07
7.120600000000000367e-03 6.147035564171826839e+07
7.192200000000000155e-03 6.134855550490651280e+07
7.264500000000000124e-03 6.122574077025416493e+07
7.337500000000000272e-03 6.110191791460565478e+07
7.411199999999999732e-03 6.097709361019013077e+07
7.485699999999999646e-03 6.085110575131417066e+07
7.561000000000000013e-03 6.072396220210246742e+07
7.636900000000000285e-03 6.059600794650062919e+07
7.713700000000000417e-03 6.046674512653256208e+07
7.791199999999999862e-03 6.033651886395517737e+07
7.869499999999999759e-03 6.020516944260709733e+07
7.948600000000000110e-03 6.007270580988565832e+07
8.028499999999999179e-03 5.993913706227323413e+07
8.109200000000000436e-03 5.980447251834196597e+07
8.190700000000000411e-03 5.966872196692501754e+07
8.273000000000000839e-03 5.953189526420801133e+07
8.356099999999999986e-03 5.939400132078196853e+07
8.440100000000000727e-03 5.925488277915789187e+07
8.524999999999999592e-03 5.911454652450630069e+07
8.610599999999999504e-03 5.897332880817038566e+07
8.697200000000000417e-03 5.883074160445664823e+07
8.784600000000000047e-03 5.868712181955697387e+07
8.872899999999999537e-03 5.854231244665575027e+07
8.961999999999999481e-03 5.839648500752742589e+07
9.052100000000000424e-03 5.824932051779111475e+07
9.143099999999999491e-03 5.810099139204874635e+07
9.235000000000000153e-03 5.795150649075532705e+07
9.327800000000000674e-03 5.780087491928765923e+07
9.421499999999999320e-03 5.764910605488228053e+07
9.516200000000000700e-03 5.749604808023474365e+07
9.611899999999999611e-03 5.734171194671408832e+07
9.708500000000000116e-03 5.718626961886639893e+07
9.806000000000000480e-03 5.702973150189391524e+07
9.904599999999999516e-03 5.687178827379402518e+07
1.000400000000000074e-02 5.671293197209969163e+07
1.010499999999999940e-02 5.655189859033145010e+07
1.020599999999999979e-02 5.639124938218407333e+07
1.030900000000000045e-02 5.622781625976976007e+07
1.041199999999999938e-02 5.606478583584730327e+07
1.051700000000000031e-02 5.589900474222114682e+07
1.062300000000000050e-02 5.573206927575361729e+07
1.072999999999999995e-02 5.556398869820140302e+07
1.083699999999999941e-02 5.539633678294102103e+07
1.094599999999999913e-02 5.522598964802958071e+07
1.105599999999999986e-02 5.505452624357279390e+07
1.116699999999999984e-02 5.488195693086759001e+07
1.128000000000000010e-02 5.470674380956962705e+07
1.139300000000000035e-02 5.453199902550924569e+07
1.150699999999999987e-02 5.435618122245372832e+07
1.162299999999999965e-02 5.417776602598311752e+07
1.174000000000000044e-02 5.399830975003064424e+07
1.185800000000000048e-02 5.381782466426114738e+07
1.197699999999999980e-02 5.363632332071142644e+07
1.209700000000000011e-02 5.345381856242047995e+07
1.221900000000000069e-02 5.326880924014799297e+07
1.234200000000000054e-02 5.308283192370309681e+07
1.246599999999999965e-02 5.289590041859180480e+07
1.259099999999999976e-02 5.270802878645800054e+07
1.271800000000000014e-02 5.251773517522200197e+07
1.284599999999999978e-02 5.232653943241030723e+07
1.297500000000000042e-02 5.213445685536031425e+07
1.310500000000000033e-02 5.194150280683847517e+07
1.323700000000000050e-02 5.174621382941190898e+07
1.336999999999999994e-02 5.155008880635060370e+07
1.350400000000000038e-02 5.135313613194938749e+07
1.363999999999999935e-02 5.115390090538951755e+07
1.377699999999999932e-02 5.095386436978758872e+07
1.391500000000000029e-02 5.075303591994132102e+07
1.405499999999999979e-02 5.054997731002365798e+07
1.419699999999999955e-02 5.034471322101499140e+07
1.433899999999999932e-02 5.014014533347954601e+07
1.448299999999999935e-02 4.993340336068898439e+07
1.462899999999999964e-02 4.972451352984633297e+07
1.477599999999999920e-02 4.951492583094187826e+07
1.492399999999999977e-02 4.930465249245540053e+07
1.507400000000000059e-02 4.909229286661869287e+07
1.522599999999999995e-02 4.887787514019042253e+07
1.537900000000000031e-02 4.866283100414097309e+07
1.553299999999999993e-02 4.844717420457469672e+07
1.568999999999999909e-02 4.822813370018622279e+07
1.584699999999999998e-02 4.800991727961402386e+07
1.600700000000000039e-02 4.778837797650436312e+07
1.616700000000000081e-02 4.756769272748865932e+07
1.633000000000000076e-02 4.734374738465256989e+07
1.649400000000000172e-02 4.711932185686568171e+07
1.666000000000000120e-02 4.689307160640377551e+07
1.682700000000000168e-02 4.666638333214862645e+07
1.699600000000000069e-02 4.643792263775155693e+07
1.716700000000000170e-02 4.620772096628747880e+07
1.734000000000000125e-02 4.597581058429796994e+07
1.751399999999999832e-02 4.574355616003611684e+07
1.769000000000000086e-02 4.550964743053132296e+07
1.786799999999999847e-02 4.527411794528903812e+07
1.804700000000000054e-02 4.503831617974673957e+07
1.822899999999999868e-02 4.479964196968951821e+07
1.841200000000000128e-02 4.456075303930764645e+07
1.859699999999999895e-02 4.432037032422511280e+07
1.878399999999999861e-02 4.407852959477442503e+07
1.897300000000000028e-02 4.383526703853485733e+07
1.916299999999999948e-02 4.359189703405739367e+07
1.935600000000000168e-02 4.334589474118357152e+07
1.955000000000000140e-02 4.309984668958424777e+07
1.974700000000000066e-02 4.285125397989251465e+07
1.994500000000000092e-02 4.260267835582979023e+07
2.014600000000000071e-02 4.235164741637910157e+07
2.034800000000000150e-02 4.210069773407965899e+07
2.055299999999999835e-02 4.184738326084875315e+07
2.075899999999999967e-02 4.159421424856327474e+07
2.096800000000000053e-02 4.133877412000444531e+07
2.117899999999999991e-02 4.108233874695526063e+07
2.139200000000000129e-02 4.082495617304692417e+07
2.160700000000000121e-02 4.056667600033570081e+07
2.182399999999999965e-02 4.030754664375684410e+07
2.204300000000000009e-02 4.004761647120968252e+07
2.226500000000000007e-02 3.978575785492824763e+07
2.248800000000000104e-02 3.952437824157425761e+07
2.271400000000000155e-02 3.926118139647207409e+07
2.294300000000000159e-02 3.899623802827574313e+07
2.317299999999999915e-02 3.873190970394506305e+07
2.340599999999999972e-02 3.846594547760861367e+07
2.364099999999999882e-02 3.819954567566967010e+07
2.387900000000000092e-02 3.793163552430830896e+07
2.411900000000000155e-02 3.766339927122819424e+07
2.436100000000000071e-02 3.739488323993044347e+07
2.460599999999999940e-02 3.712503601193428040e+07
2.485300000000000009e-02 3.685501671091659367e+07
2.510300000000000031e-02 3.658378954484321922e+07
2.535600000000000007e-02 3.631142459709484875e+07
2.561000000000000082e-02 3.604011982998014987e+07
2.586799999999999863e-02 3.576672554818302393e+07
2.612799999999999845e-02 3.549342821998412907e+07
2.639000000000000026e-02 3.522027913603541255e+07
2.665599999999999914e-02 3.494527848520765454e+07
2.692299999999999902e-02 3.467161925791644305e+07
2.719399999999999942e-02 3.439632481358005106e+07
2.746699999999999836e-02 3.412153141098076105e+07
2.774300000000000030e-02 3.384632164081700891e+07
2.802199999999999830e-02 3.357079686637519300e+07
2.830399999999999930e-02 3.329505780166952685e+07
2.858799999999999883e-02 3.302016501423850656e+07
2.887599999999999889e-02 3.274427898579980433e+07
2.916600000000000095e-02 3.246940915623815358e+07
2.945899999999999908e-02 3.219468459462673590e+07
2.975500000000000020e-02 3.192019468837200478e+07
3.005400000000000085e-02 3.164602707453422248e+07
3.035600000000000104e-02 3.137226687383221090e+07
3.066100000000000075e-02 3.109899722967690602e+07
3.096900000000000000e-02 3.082629894791489840e+07
3.128100000000000325e-02 3.055338094334588572e+07
3.159499999999999809e-02 3.028206864997370169e+07
3.191200000000000286e-02 3.001155635665111244e+07
3.223299999999999776e-02 2.974107936625753343e+07
3.255700000000000260e-02 2.947156269774737582e+07
3.288399999999999657e-02 2.920307020085333288e+07
3.321500000000000147e-02 2.893487552139585838e+07
3.354900000000000243e-02 2.866789539626892656e+07
3.388599999999999945e-02 2.840224635096845031e+07
3.422599999999999948e-02 2.813805346759090200e+07
3.456999999999999656e-02 2.787466859496917203e+07
3.491799999999999765e-02 2.761223333274037763e+07
3.526900000000000174e-02 2.735162150755468383e+07
3.562300000000000189e-02 2.709293231494490430e+07
3.598099999999999909e-02 2.683554488154986501e+07
3.634300000000000030e-02 2.657958337265964225e+07
3.670799999999999758e-02 2.632585546275292337e+07
3.707699999999999885e-02 2.607376284523541480e+07
3.744999999999999718e-02 2.582341474682883173e+07
3.782599999999999851e-02 2.557556959546469525e+07
3.820599999999999691e-02 2.532965031534961611e+07
3.858999999999999930e-02 2.508575282378821447e+07
3.897799999999999876e-02 2.484396822651566193e+07
3.937000000000000222e-02 2.460438328532649577e+07
3.976500000000000173e-02 2.436767355767089128e+07
4.016499999999999931e-02 2.413271832941092551e+07
4.056900000000000089e-02 2.390019633225946873e+07
4.097599999999999854e-02 2.367073476373223960e+07
4.138800000000000118e-02 2.344327152928435057e+07
4.180400000000000088e-02 2.321843912880382687e+07
4.222399999999999765e-02 2.299629732338409126e+07
4.264899999999999941e-02 2.277638988288716972e+07
4.307699999999999724e-02 2.255980320344607532e+07
4.351000000000000006e-02 2.234557275093807280e+07
4.394800000000000095e-02 2.213377599448404834e+07
4.438899999999999790e-02 2.192542011193121970e+07
4.483499999999999985e-02 2.171959645739968866e+07
4.528599999999999987e-02 2.151637091996439919e+07
4.574099999999999694e-02 2.131623957615040615e+07
4.620099999999999901e-02 2.111880413888547942e+07
4.666499999999999815e-02 2.092453261582756042e+07
4.713400000000000228e-02 2.073304382142309844e+07
4.760799999999999754e-02 2.054438341026232019e+07
4.808599999999999680e-02 2.035896883801703900e+07
4.857000000000000206e-02 2.017602737991220504e+07
4.905799999999999744e-02 1.999627738345329836e+07
4.955099999999999782e-02 1.981929807345631719e+07
5.004900000000000321e-02 1.964505510866496339e+07
5.055199999999999971e-02 1.947351279024630785e+07
5.106000000000000122e-02 1.930463350779553875e+07
5.157300000000000079e-02 1.913838110177108645e+07
5.209099999999999842e-02 1.897471866858882830e+07
5.261500000000000205e-02 1.881330290311987326e+07
5.314399999999999680e-02 1.865440519388863072e+07
5.367799999999999655e-02 1.849793848357170448e+07
5.421700000000000130e-02 1.834379487389739603e+07
5.476199999999999818e-02 1.819159828426602855e+07
5.531200000000000006e-02 1.804153755950275064e+07
5.586800000000000099e-02 1.789325624823179841e+07
5.643000000000000099e-02 1.774667570906938985e+07
5.699699999999999905e-02 1.760196309443241730e+07
5.757000000000000312e-02 1.745875266976986080e+07
5.814799999999999830e-02 1.731715240402403101e+07
5.873300000000000048e-02 1.717653220129150152e+07
5.932300000000000073e-02 1.703724552277516201e+07
5.991900000000000004e-02 1.689892281025226042e+07
6.052099999999999841e-02 1.676144124422660656e+07
6.112999999999999684e-02 1.662444792687780038e+07
6.174400000000000027e-02 1.648825618849614076e+07
6.236499999999999683e-02 1.635228855326791294e+07
6.299100000000000532e-02 1.621685568203863874e+07
6.362400000000000000e-02 1.608139876134711131e+07
6.426400000000000168e-02 1.594579871947935410e+07
6.490999999999999548e-02 1.581013710800042748e+07
6.556199999999999528e-02 1.567427397634232230e+07
6.622100000000000208e-02 1.553787134799028561e+07
6.688700000000000201e-02 1.540080615667209402e+07
6.755899999999999406e-02 1.526317573681861348e+07
6.823799999999999311e-02 1.512467473888066225e+07
6.892399999999999916e-02 1.498521621505148523e+07
6.961599999999999733e-02 1.484492028731708974e+07
7.031600000000000350e-02 1.470330957474854589e+07
7.102300000000000280e-02 1.456052115640499815e+07
7.173599999999999421e-02 1.441670979998183064e+07
7.245699999999999363e-02 1.427143065713719651e+07
7.318500000000000005e-02 1.412484964468457550e+07
7.392100000000000060e-02 1.397674749801355414e+07
7.466399999999999426e-02 1.382735185110406578e+07
7.541399999999999493e-02 1.367669584431919642e+07
7.617200000000000359e-02 1.352461155965785868e+07
7.693800000000000638e-02 1.337115387001421489e+07
7.771100000000000230e-02 1.321661201500014216e+07
7.849200000000000621e-02 1.306087822603394836e+07
7.928100000000000425e-02 1.290404584715439565e+07
8.007799999999999641e-02 1.274623807033079490e+07
8.088299999999999657e-02 1.258761011257032305e+07
8.169500000000000373e-02 1.242851294038017653e+07
8.251600000000000601e-02 1.226871307638914697e+07
8.334600000000000342e-02 1.210840988463580795e+07
8.418299999999999395e-02 1.194821262469199114e+07
8.502899999999999348e-02 1.178795792900430784e+07
8.588400000000000201e-02 1.162787561008641869e+07
8.674700000000000466e-02 1.146840291087026149e+07
8.761900000000000244e-02 1.130961790813699365e+07
8.849999999999999534e-02 1.115177434308290295e+07
8.938899999999999624e-02 1.099530445321088471e+07
9.028700000000000614e-02 1.084030123623492196e+07
9.119499999999999829e-02 1.068687549249788001e+07
9.211099999999999843e-02 1.053562361205071770e+07
9.303699999999999470e-02 1.038647646990273334e+07
9.397199999999999998e-02 1.023986893031556718e+07
9.491600000000000037e-02 1.009605999663989805e+07
9.586999999999999689e-02 9.955133151620598510e+06
9.683400000000000341e-02 9.817309535546761006e+06
9.780700000000000505e-02 9.682910230134030804e+06
9.879000000000000281e-02 9.551961452866083011e+06
9.978299999999999670e-02 9.424619057037442923e+06
1.007900000000000046e-01 9.300552750307595357e+06
1.018000000000000016e-01 9.181241259955177084e+06
1.028199999999999947e-01 9.065887333799034357e+06
1.038599999999999940e-01 8.953455242252288386e+06
1.048999999999999932e-01 8.846089803087398410e+06
1.059500000000000025e-01 8.742637034666083753e+06
1.070200000000000040e-01 8.642097497642030939e+06
1.080900000000000055e-01 8.546241973805036396e+06
1.091799999999999993e-01 8.453155842395689338e+06
1.102800000000000030e-01 8.363609732397824526e+06
1.113900000000000029e-01 8.277383097984343767e+06
1.125000000000000028e-01 8.194944458659824915e+06
1.136400000000000049e-01 8.113847766179809347e+06
1.147799999999999931e-01 8.035982737149302848e+06
1.159300000000000053e-01 7.960284660412855446e+06
1.170999999999999958e-01 7.885771284187451005e+06
1.182700000000000001e-01 7.813369999127870426e+06
1.194599999999999967e-01 7.741488548232215457e+06
1.206600000000000034e-01 7.670401954461705871e+06
1.218800000000000022e-01 7.599169310663008131e+06
1.231000000000000011e-01 7.528591560948399827e+06
1.243400000000000061e-01 7.457148331093380228e+06
1.255900000000000072e-01 7.385075404951808974e+06
1.268499999999999905e-01 7.312072141460997984e+06
1.281200000000000117e-01 7.237894746054911055e+06
1.294099999999999973e-01 7.161738517891300842e+06
1.307099999999999929e-01 7.084002793691741303e+06
1.320300000000000085e-01 7.003933040777537972e+06
1.333499999999999963e-01 6.922635289460340515e+06
1.346900000000000042e-01 6.838850888653407805e+06
1.360500000000000043e-01 6.752583910589134321e+06
1.374100000000000044e-01 6.665182743840024807e+06
1.387899999999999967e-01 6.575481117624157108e+06
1.401900000000000091e-01 6.483657951727295294e+06
1.416000000000000036e-01 6.390604872003210708e+06
1.430200000000000082e-01 6.296589321028931998e+06
1.444600000000000051e-01 6.201251948546352796e+06
1.459100000000000119e-01 6.105654309837268665e+06
1.473800000000000110e-01 6.009565108369522728e+06
1.488599999999999923e-01 5.914031213297238573e+06
1.503500000000000114e-01 5.819446438990367576e+06
1.518700000000000050e-01 5.729520438337109983e+06
1.533899999999999986e-01 5.655370471355501562e+06
1.549300000000000122e-01 5.581794168079683557e+06
1.564899999999999902e-01 5.508807165901623666e+06
1.580600000000000060e-01 5.436877416150904261e+06
1.596499999999999864e-01 5.365546229017845355e+06
1.612599999999999867e-01 5.294826710738488473e+06
1.628799999999999970e-01 5.225156536169026047e+06
1.645099999999999896e-01 5.156520151603264734e+06
1.661700000000000121e-01 5.088086308550086804e+06
1.678399999999999892e-01 5.020689795499189757e+06
1.695200000000000040e-01 4.954314420077482238e+06
1.712299999999999933e-01 4.888178838372233324e+06
1.729499999999999926e-01 4.823064841592119075e+06
1.746900000000000119e-01 4.758589147198133171e+06
1.764400000000000135e-01 4.695117439167237841e+06
1.782199999999999895e-01 4.631930585665311664e+06
1.800100000000000033e-01 4.569744334049341269e+06
1.818200000000000094e-01 4.508205086940058507e+06
1.836399999999999977e-01 4.447646565175850876e+06
1.854899999999999882e-01 4.387407335734811611e+06
1.873499999999999888e-01 4.328142282600545324e+06
1.892399999999999916e-01 4.269217015610334463e+06
1.911400000000000043e-01 4.211257596120174974e+06
1.930600000000000094e-01 4.153950923089988995e+06
1.950000000000000067e-01 4.097298558664303739e+06
1.969599999999999962e-01 4.041301573134440929e+06
1.989400000000000057e-01 3.985960566072434187e+06
2.009400000000000075e-01 3.931275687042440288e+06
2.029600000000000015e-01 3.877246655873897485e+06
2.049999999999999878e-01 3.823872782482961193e+06
2.070599999999999941e-01 3.771152986230719835e+06
2.091399999999999926e-01 3.719085814808759838e+06
2.112400000000000111e-01 3.667669462644445244e+06
2.133599999999999941e-01 3.616901788819978945e+06
2.155100000000000071e-01 3.566548722098311875e+06
2.176700000000000024e-01 3.517075820345699321e+06
2.198599999999999999e-01 3.468021714710756671e+06
2.220699999999999896e-01 3.419614385196941905e+06
2.242999999999999994e-01 3.371849953365032561e+06
2.265600000000000114e-01 3.324517206370738801e+06
2.288300000000000056e-01 3.278030614198976662e+06
2.311300000000000021e-01 3.231975850319532678e+06
2.334600000000000009e-01 3.186361427147400100e+06
2.358000000000000096e-01 3.141573627107093111e+06
2.381699999999999928e-01 3.097224094931641128e+06
2.405700000000000061e-01 3.053319764536951203e+06
2.429800000000000015e-01 3.010220541481205728e+06
2.454300000000000093e-01 2.967389699772202875e+06
2.478899999999999992e-01 2.925351305263200775e+06
2.503799999999999915e-01 2.883756917701467406e+06
2.529000000000000137e-01 2.842611149482247420e+06
2.554400000000000004e-01 2.802075840501944069e+06
2.580100000000000171e-01 2.761989613466829993e+06
2.605999999999999983e-01 2.722506436521871947e+06
2.632200000000000095e-01 2.683471535958596971e+06
2.658699999999999952e-01 2.644887440479518380e+06
2.685400000000000009e-01 2.606896885193761904e+06
2.712399999999999811e-01 2.569354446671821643e+06
2.739599999999999813e-01 2.532395883721548133e+06
2.767200000000000215e-01 2.495750541096909437e+06
2.795000000000000262e-01 2.459684783210142050e+06
2.823100000000000054e-01 2.424064800098364707e+06
2.851500000000000146e-01 2.388890750676283147e+06
2.880099999999999882e-01 2.354282072899892926e+06
2.909100000000000019e-01 2.319996309951880481e+06
2.938299999999999801e-01 2.286269267581693362e+06
2.967799999999999883e-01 2.252980449195084162e+06
2.997600000000000264e-01 2.220128695281963330e+06
3.027799999999999936e-01 2.187606151390010025e+06
3.058199999999999807e-01 2.155626497767866589e+06
3.088899999999999979e-01 2.124078890760474373e+06
3.119999999999999996e-01 2.092862022024729988e+06
3.151300000000000212e-01 2.062174296050172299e+06
3.183000000000000274e-01 2.031817010747798951e+06
3.215000000000000080e-01 2.001886540211624000e+06
3.247300000000000186e-01 1.972379889531466877e+06
3.279900000000000038e-01 1.943293910597458715e+06
3.312899999999999734e-01 1.914539200730653014e+06
3.346199999999999730e-01 1.886202476023429539e+06
3.379800000000000026e-01 1.858280050802039448e+06
3.413800000000000168e-01 1.830687933299819008e+06
3.448100000000000054e-01 1.803506187110692728e+06
3.482799999999999785e-01 1.776654223820752231e+06
3.517799999999999816e-01 1.750207908714344492e+06
3.553100000000000147e-01 1.724162842299622949e+06
3.588799999999999768e-01 1.698443374282961246e+06
3.624899999999999789e-01 1.673050027731541079e+06
3.661300000000000110e-01 1.648050909225725103e+06
3.698100000000000276e-01 1.623374924525920302e+06
3.735299999999999732e-01 1.599021912972074468e+06
3.772800000000000042e-01 1.575054622982569737e+06
3.810799999999999743e-01 1.551344627643545857e+06
3.849099999999999744e-01 1.528015949681289727e+06
3.887700000000000045e-01 1.505063244612103328e+06
3.926799999999999735e-01 1.482366470287286444e+06
3.966299999999999826e-01 1.459984485838535475e+06
4.006100000000000216e-01 1.437970440945495619e+06
4.046399999999999997e-01 1.416212076505122939e+06
4.087100000000000177e-01 1.394763564892541384e+06
4.128100000000000103e-01 1.373673769870717311e+06
4.169599999999999973e-01 1.352837748601763509e+06
4.211500000000000243e-01 1.332305353820019634e+06
4.253899999999999904e-01 1.312027008124036947e+06
4.296599999999999864e-01 1.292095906793088419e+06
4.339799999999999769e-01 1.272416099627880612e+06
4.383400000000000074e-01 1.253032128171069082e+06
4.427499999999999769e-01 1.233898341317320010e+06
4.471999999999999864e-01 1.215056801581701264e+06
4.516899999999999804e-01 1.196504500428695232e+06
4.562300000000000244e-01 1.178198537153864978e+06
4.608200000000000074e-01 1.160138676310477545e+06
4.654499999999999749e-01 1.142362423493192997e+06
4.701199999999999823e-01 1.124866427289705258e+06
4.748499999999999943e-01 1.107575079272885574e+06
4.796199999999999908e-01 1.090560687625536695e+06
4.844399999999999817e-01 1.073785306239754660e+06
4.893100000000000227e-01 1.057247856185672339e+06
4.942300000000000026e-01 1.040947126553222304e+06
4.991999999999999771e-01 1.024881782567816903e+06
5.042100000000000470e-01 1.009081523752968293e+06
5.092799999999999550e-01 9.934817300075636012e+05
5.143999999999999684e-01 9.781126695319577120e+05
5.195699999999999763e-01 9.629725874193127966e+05
5.247899999999999787e-01 9.480596413809638470e+05
5.300599999999999756e-01 9.333719082403051434e+05
5.353900000000000325e-01 9.188805365441256436e+05
5.407699999999999729e-01 9.046116282510907622e+05
5.462099999999999733e-01 8.905374531807542080e+05
5.516999999999999682e-01 8.766825834405797068e+05
5.572399999999999576e-01 8.630446880055939546e+05
5.628400000000000070e-01 8.495976753683314892e+05
5.685000000000000053e-01 8.363408783356214408e+05
5.742099999999999982e-01 8.232960721379227471e+05
5.799800000000000511e-01 8.104386827551363967e+05
5.858100000000000529e-01 7.977677444071645150e+05
5.917000000000000037e-01 7.852821912952353014e+05
5.976500000000000146e-01 7.729808640140832867e+05
6.036500000000000199e-01 7.608824288897298975e+05
6.097200000000000397e-01 7.489452387930704281e+05
6.158500000000000085e-01 7.371883073274365161e+05
6.220400000000000373e-01 7.256101600268026814e+05
6.282900000000000151e-01 7.142092575088877929e+05
6.346000000000000529e-01 7.029840005564616295e+05
6.409799999999999942e-01 6.919156027700282866e+05
6.474199999999999955e-01 6.810203414700872963e+05
6.539300000000000113e-01 6.702801427479459671e+05
6.604999999999999760e-01 6.597102848535102094e+05
6.671399999999999553e-01 6.492933862024692353e+05
6.738399999999999945e-01 6.390437871615414042e+05
6.806200000000000028e-01 6.289300481940606842e+05
6.874599999999999600e-01 6.189810933578185504e+05
6.943599999999999772e-01 6.091948435680286493e+05
7.013399999999999634e-01 5.995418917119727703e+05
7.083899999999999642e-01 5.900354878912725253e+05
7.155099999999999794e-01 5.806744587950785644e+05
7.227000000000000091e-01 5.714575752803207142e+05
7.299700000000000077e-01 5.623712155408706749e+05
7.372999999999999554e-01 5.534390423907433869e+05
7.447099999999999831e-01 5.446352956722278614e+05
7.521999999999999797e-01 5.359594456473976607e+05
7.597599999999999909e-01 5.274220335982271936e+05
7.673900000000000166e-01 5.190215369733424741e+05
7.751000000000000112e-01 5.107458069084467716e+05
7.828899999999999748e-01 5.025940654294194537e+05
7.907600000000000184e-01 4.945654729911828763e+05
7.987100000000000311e-01 4.866591327111229184e+05
8.067400000000000126e-01 4.788740944418786676e+05
8.148499999999999632e-01 4.712093586852794397e+05
8.230300000000000393e-01 4.636729767343283747e+05
8.313099999999999934e-01 4.562365723522365442e+05
8.396599999999999620e-01 4.489263090714362916e+05
8.480999999999999650e-01 4.417235037628073478e+05
8.566200000000000481e-01 4.346358141539267381e+05
8.652300000000000546e-01 4.276539961073136656e+05
8.739299999999999846e-01 4.207773920397363254e+05
8.827099999999999946e-01 4.140128974274863722e+05
8.915800000000000392e-01 4.073517606876405771e+05
9.005400000000000071e-01 4.007931895519184764e+05
9.095900000000000096e-01 3.943363486898613046e+05
9.187400000000000011e-01 3.879734976746818866e+05
9.279699999999999616e-01 3.817176291447688127e+05
9.372899999999999565e-01 3.755607540740183904e+05
9.467100000000000515e-01 3.694955397058968665e+05
9.562300000000000244e-01 3.635214653401943506e+05
9.658400000000000318e-01 3.576439984309355495e+05
9.755500000000000282e-01 3.518561777539154864e+05
9.853499999999999481e-01 3.461630899986035656e+05
9.952499999999999680e-01 3.405580201249532402e+05
1.005300000000000082e+00 3.350130193365708692e+05
1.015400000000000080e+00 3.295824984787821304e+05
1.025600000000000067e+00 3.242377318024693523e+05
1.035900000000000043e+00 3.189779085336765856e+05
1.046300000000000008e+00 3.138021909692673362e+05
1.056799999999999962e+00 3.087097168668128434e+05
1.067399999999999904e+00 3.036996017267763964e+05
1.078100000000000058e+00 2.987709409695512149e+05
1.088999999999999968e+00 2.938785022980937501e+05
1.099900000000000100e+00 2.891110935889561661e+05
1.110999999999999988e+00 2.843802213691243669e+05
1.122100000000000097e+00 2.797701401267104666e+05
1.133399999999999963e+00 2.751967479795871768e+05
1.144800000000000040e+00 2.707010534251948120e+05
1.156300000000000106e+00 2.662819852150343359e+05
1.167899999999999938e+00 2.619384685815644334e+05
1.179699999999999971e+00 2.576334120824323909e+05
1.191500000000000004e+00 2.534386852909079171e+05
1.203500000000000014e+00 2.492820587146912003e+05
1.215600000000000014e+00 2.451983981313992117e+05
1.227800000000000002e+00 2.411865595887333038e+05
1.240199999999999969e+00 2.372137789766242786e+05
1.252599999999999936e+00 2.333429839336529258e+05
1.265200000000000102e+00 2.295105687949834100e+05
1.277900000000000036e+00 2.257469781015265326e+05
1.290799999999999947e+00 2.220225424200331327e+05
1.303700000000000081e+00 2.183938298282817996e+05
1.316799999999999971e+00 2.148033895783953194e+05
1.330100000000000060e+00 2.112521714450236468e+05
1.343499999999999917e+00 2.077667080196810130e+05
1.356999999999999984e+00 2.043457791902236349e+05
1.370600000000000041e+00 2.009881823281860561e+05
1.384400000000000075e+00 1.976689909004853107e+05
1.398300000000000098e+00 1.944119983974795905e+05
1.412300000000000111e+00 1.912160042065078742e+05
1.426500000000000101e+00 1.880578743748893903e+05
1.440900000000000070e+00 1.849381443224882823e+05
1.455300000000000038e+00 1.818989421264226257e+05
1.469999999999999973e+00 1.788765614754050621e+05
1.484699999999999909e+00 1.759323033042580355e+05
1.499700000000000033e+00 1.730056508234785579e+05
1.514699999999999935e+00 1.701547183529042813e+05
1.530000000000000027e+00 1.673220232957961271e+05
1.545299999999999896e+00 1.645626575229114387e+05
1.560899999999999954e+00 1.618220235189155210e+05
1.576600000000000001e+00 1.591354578040858905e+05
1.592400000000000038e+00 1.565017745295797067e+05
1.608400000000000052e+00 1.539037880955844594e+05
1.624600000000000044e+00 1.513416083510460448e+05
1.640900000000000025e+00 1.488305094084174198e+05
1.657399999999999984e+00 1.463545296421268722e+05
1.673999999999999932e+00 1.439281212095028604e+05
1.690900000000000070e+00 1.415220502215568849e+05
1.707899999999999974e+00 1.391647722873413295e+05
1.725000000000000089e+00 1.368551489955660072e+05
1.742399999999999949e+00 1.345661021525647666e+05
1.759900000000000020e+00 1.323238627237675828e+05
1.777600000000000069e+00 1.301150015084738843e+05
1.795400000000000107e+00 1.279513894416503899e+05
1.813499999999999890e+00 1.258085744674360321e+05
1.831700000000000106e+00 1.237100818782197894e+05
1.850100000000000078e+00 1.216437489603836584e+05
1.868700000000000028e+00 1.196093888702544646e+05
1.887499999999999956e+00 1.176067964535935753e+05
1.906400000000000095e+00 1.156459876557657408e+05
1.925599999999999978e+00 1.137059804176424514e+05
1.945000000000000062e+00 1.117970346509331721e+05
1.964499999999999913e+00 1.099283405874759046e+05
1.984299999999999953e+00 1.080804581511643919e+05
2.004199999999999982e+00 1.062717765822748479e+05
2.024300000000000210e+00 1.044925568536573701e+05
2.044700000000000184e+00 1.027339993976666301e+05
2.065199999999999925e+00 1.010130387573363114e+05
2.085999999999999854e+00 9.931256208716906258e+04
2.107000000000000206e+00 9.764074187074785004e+04
2.128099999999999881e+00 9.600488775469969551e+04
2.149500000000000188e+00 9.438915181658836082e+04
2.171100000000000030e+00 9.280103914930402243e+04
2.192899999999999849e+00 9.124019424457798596e+04
2.214999999999999858e+00 8.969937791972898412e+04
2.237200000000000077e+00 8.819216839338521822e+04
2.259700000000000042e+00 8.670461205948429415e+04
2.282399999999999984e+00 8.524320864201067889e+04
2.305400000000000116e+00 8.380139079245952598e+04
2.328500000000000014e+00 8.239131081482181617e+04
2.351900000000000102e+00 8.100036868657094601e+04
2.375599999999999934e+00 7.962864480182326224e+04
2.399500000000000188e+00 7.828175742050485860e+04
2.423599999999999977e+00 7.695930271249257203e+04
2.447900000000000187e+00 7.566087917323826696e+04
2.472500000000000142e+00 7.438095359710018965e+04
2.497399999999999842e+00 7.311953444391902303e+04
2.522499999999999964e+00 7.188147915727969666e+04
2.547800000000000065e+00 7.066637633841765637e+04
2.573399999999999910e+00 6.946920423724821012e+04
2.599299999999999944e+00 6.828992410386864503e+04
2.625399999999999956e+00 6.713285687379958108e+04
2.651800000000000157e+00 6.599333027833982487e+04
2.678500000000000103e+00 6.487127322937119607e+04
2.705400000000000027e+00 6.377063948649556551e+04
2.732600000000000140e+00 6.268708376683788083e+04
2.759999999999999787e+00 6.162433575644854864e+04
2.787799999999999834e+00 6.057453266685464041e+04
2.815799999999999859e+00 5.954511582336855645e+04
2.844100000000000072e+00 5.853213998155914305e+04
2.872700000000000031e+00 5.753547855585326033e+04
2.901499999999999968e+00 5.655834483542070666e+04
2.930699999999999861e+00 5.559381349033756123e+04
2.960199999999999942e+00 5.464517500332079362e+04
2.989900000000000002e+00 5.371536412992567057e+04
3.020000000000000018e+00 5.279796155185991665e+04
3.050300000000000011e+00 5.189890308983073191e+04
3.080999999999999961e+00 5.101208672107898019e+04
3.111899999999999888e+00 5.014312097601532150e+04
3.143200000000000216e+00 4.928620597283804091e+04
3.174799999999999844e+00 4.844401156333024846e+04
3.206700000000000106e+00 4.761635453904105816e+04
3.238900000000000112e+00 4.680304920285310800e+04
3.271500000000000075e+00 4.600148171541691408e+04
3.304399999999999782e+00 4.521401704114959284e+04
3.337600000000000122e+00 4.444045881460825331e+04
3.371100000000000207e+00 4.368060964604229230e+04
3.404999999999999805e+00 4.293209284028822731e+04
3.439200000000000035e+00 4.219700380440001754e+04
3.473800000000000221e+00 4.147307457378292020e+04
3.508700000000000152e+00 4.076227552158265462e+04
3.544000000000000039e+00 4.006244295041696023e+04
3.579600000000000115e+00 3.937542975817791012e+04
3.615499999999999936e+00 3.870102555446409679e+04
3.651899999999999924e+00 3.803541276568895410e+04
3.688600000000000101e+00 3.738218347080577951e+04
3.725699999999999790e+00 3.673941394967668020e+04
3.763100000000000112e+00 3.610869189488801931e+04
3.800899999999999945e+00 3.548818343792921951e+04
3.839100000000000179e+00 3.487780568070799927e+04
3.877699999999999925e+00 3.427747107953517843e+04
3.916700000000000070e+00 3.368708781198966608e+04
3.955999999999999961e+00 3.310801379588146665e+04
3.995800000000000018e+00 3.253720355315028428e+04
4.035999999999999588e+00 3.197604796774284841e+04
4.076500000000000234e+00 3.142578184794194385e+04
4.117499999999999716e+00 3.088358031369709715e+04
4.158900000000000041e+00 3.035070986122599061e+04
4.200700000000000323e+00 2.982705767512683451e+04
4.242899999999999672e+00 2.931250906244443468e+04
4.285499999999999865e+00 2.880694769105007799e+04
4.328599999999999781e+00 2.830911627554583538e+04
4.372099999999999653e+00 2.782009625266333751e+04
4.416000000000000369e+00 2.733976519477194597e+04
4.460399999999999920e+00 2.686694936853719264e+04
4.505200000000000315e+00 2.640263176783554081e+04
4.550500000000000433e+00 2.594569087764784126e+04
4.596300000000000274e+00 2.549608000905334848e+04
